0.00000000 0.50000000 
0.03880570 0.49029857 
0.07761226 0.48060059 
0.11642139 0.47091291 
0.15523481 0.46124239 
0.19405419 0.45159586 
0.23288120 0.44198008 
0.27171747 0.43240175 
0.31056457 0.42286748 
0.34942406 0.41338380 
0.38829741 0.40395711 
0.42718605 0.39459367 
0.46609132 0.38529960 
0.50501452 0.37608089 
0.54395684 0.36694330 
0.58291942 0.35789245 
0.62190328 0.34893375 
0.66090939 0.34007238 
0.69993859 0.33131333 
0.73899167 0.32266132 
0.77806929 0.31412087 
0.81717204 0.30569622 
0.85630042 0.29739138 
0.89545481 0.28921008 
0.93463552 0.28115579 
0.97384278 0.27323172 
1.01307672 0.26544080 
1.05233737 0.25778568 
1.09162472 0.25026874 
1.13093865 0.24289210 
1.17027898 0.23565759 
1.20964547 0.22856677 
1.24903780 0.22162096 
1.28845560 0.21482119 
1.32789845 0.20816824 
1.36736587 0.20166266 
1.40685735 0.19530474 
1.44637233 0.18909453 
1.48591021 0.18303188 
1.52547038 0.17711640 
1.56505219 0.17134750 
1.60465498 0.16572440 
1.64427806 0.16024612 
1.68392074 0.15491151 
1.72358231 0.14971926 
1.76326208 0.14466789 
1.80295932 0.13975579 
1.84267334 0.13498121 
1.88240344 0.13034227 
1.92214891 0.12583700 
1.96190907 0.12146330 
2.00168326 0.11721899 
2.04147081 0.11310183 
2.08127107 0.10910947 
2.12108343 0.10523953 
2.16090726 0.10148955 
2.20074198 0.09785705 
2.24058701 0.09433948 
2.28044181 0.09093431 
2.32030583 0.08763894 
2.36017858 0.08445078 
2.40005955 0.08136723 
2.43994827 0.07838568 
2.47984430 0.07550354 
2.51974721 0.07271821 
2.55965658 0.07002711 
2.59957203 0.06742768 
2.63949318 0.06491739 
2.67941969 0.06249373 
2.71935121 0.06015421 
2.75928744 0.05789639 
2.79922807 0.05571785 
2.83917282 0.05361622 
2.87912143 0.05158917 
2.91907363 0.04963440 
2.95902921 0.04774966 
2.99898792 0.04593275 
3.03894957 0.04418152 
3.07891395 0.04249384 
3.11888088 0.04086766 
3.15885018 0.03930096 
3.19882170 0.03779178 
3.23879528 0.03633820 
3.27877078 0.03493835 
3.31874806 0.03359041 
3.35872700 0.03229261 
3.39870749 0.03104323 
3.43868940 0.02984059 
3.47867265 0.02868307 
3.51865714 0.02756909 
3.55864277 0.02649711 
3.59862947 0.02546565 
3.63861716 0.02447327 
3.67860576 0.02351857 
3.71859522 0.02260020 
3.75858546 0.02171683 
3.79857644 0.02086722 
3.83856809 0.02005012 
3.87856037 0.01926434 
3.91855324 0.01850875 
3.95854664 0.01778222 
3.99854054 0.01708369 
4.03853490 0.01641211 
4.07852969 0.01576648 
4.11852487 0.01514584 
4.15852043 0.01454925 
4.19851631 0.01397581 
4.23851252 0.01342464 
4.27850901 0.01289491 
4.31850577 0.01238581 
4.35850278 0.01189655 
4.39850001 0.01142638 
4.43849746 0.01097457 
4.47849511 0.01054043 
4.51849293 0.01012328 
4.55849092 0.00972247 
4.59848907 0.00933737 
4.63848736 0.00896738 
4.67848578 0.00861192 
4.71848432 0.00827042 
4.75848297 0.00794235 
4.79848173 0.00762719 
4.83848059 0.00732444 
4.87847953 0.00703361 
4.91847855 0.00675425 
4.95847765 0.00648591 
4.99847682 0.00622817 
5.03847606 0.00598060 
5.07847535 0.00574281 
5.11847470 0.00551442 
5.15847410 0.00529506 
5.19847354 0.00508438 
5.23847303 0.00488204 
5.27847256 0.00468772 
5.31847212 0.00450109 
5.35847172 0.00432186 
5.39847135 0.00414973 
5.43847101 0.00398443 
5.47847070 0.00382569 
5.51847040 0.00367325 
5.55847014 0.00352686 
5.59846989 0.00338629 
5.63846966 0.00325129 
5.67846945 0.00312167 
5.71846926 0.00299719 
5.75846908 0.00287766 
5.79846892 0.00276289 
5.83846876 0.00265268 
5.87846862 0.00254685 
5.91846849 0.00244524 
5.95846838 0.00234767 
5.99846827 0.00225398 
6.03846816 0.00216403 
6.07846807 0.00207765 
6.11846799 0.00199472 
6.15846791 0.00191509 
6.19846783 0.00183863 
6.23846777 0.00176522 
6.27846770 0.00169474 
6.31846765 0.00162706 
6.35846759 0.00156209 
6.39846754 0.00149970 
6.43846750 0.00143980 
6.47846746 0.00138229 
6.51846742 0.00132708 
6.55846739 0.00127407 
6.59846735 0.00122317 
6.63846732 0.00117430 
6.67846730 0.00112739 
6.71846727 0.00108234 
6.75846725 0.00103909 
6.79846723 0.00099757 
6.83846721 0.00095771 
6.87846719 0.00091944 
6.91846717 0.00088269 
6.95846715 0.00084742 
6.99846714 0.00081355 
7.03846713 0.00078103 
7.07846712 0.00074982 
7.11846710 0.00071985 
7.15846709 0.00069107 
7.19846708 0.00066345 
7.23846708 0.00063693 
7.27846707 0.00061147 
7.31846706 0.00058703 
7.35846705 0.00056356 
7.39846705 0.00054103 
7.43846704 0.00051940 
7.47846704 0.00049863 
7.51846703 0.00047870 
7.55846703 0.00045956 
7.59846702 0.00044119 
7.63846702 0.00042355 
7.67846701 0.00040661 
7.71846701 0.00039035 
7.75846701 0.00037475 
7.79846700 0.00035976 
7.83846700 0.00034538 
7.87846700 0.00033157 
7.91846700 0.00031831 
7.95846700 0.00030558 
7.99846699 0.00029336 
8.03846699 0.00028163 
8.07846699 0.00027037 
8.11846699 0.00025956 
8.15846699 0.00024918 
8.19846699 0.00023921 
8.23846699 0.00022964 
8.27846698 0.00022046 
8.31846698 0.00021164 
8.35846698 0.00020318 
8.39846698 0.00019506 
8.43846698 0.00018725 
8.47846698 0.00017977 
8.51846698 0.00017258 
8.55846698 0.00016567 
8.59846698 0.00015905 
8.63846698 0.00015269 
8.67846698 0.00014658 
8.71846698 0.00014072 
8.75846698 0.00013509 
8.79846698 0.00012969 
8.83846698 0.00012450 
8.87846698 0.00011952 
8.91846698 0.00011474 
8.95846697 0.00011015 
8.99846697 0.00010575 
9.03846697 0.00010152 
9.07846697 0.00009746 
9.11846697 0.00009356 
9.15846697 0.00008982 
9.19846697 0.00008622 
9.23846697 0.00008278 
9.27846697 0.00007947 
9.31846697 0.00007629 
9.35846697 0.00007324 
9.39846697 0.00007031 
9.43846697 0.00006749 
9.47846697 0.00006479 
9.51846697 0.00006220 
9.55846697 0.00005972 
9.59846697 0.00005733 
9.63846697 0.00005503 
9.67846697 0.00005283 
9.71846697 0.00005072 
9.75846697 0.00004869 
9.79846697 0.00004674 
9.83846697 0.00004487 
9.87846697 0.00004308 
9.91846697 0.00004136 
9.95846697 0.00003970 
9.99846697 0.00003811 
10.03846697 0.00003659 
10.07846697 0.00003513 
10.11846697 0.00003372 
10.15846697 0.00003237 
10.19846697 0.00003108 
10.23846697 0.00002983 
10.27846697 0.00002864 
10.31846697 0.00002749 
10.35846697 0.00002640 
10.39846697 0.00002534 
10.43846697 0.00002433 
10.47846697 0.00002335 
10.51846697 0.00002242 
10.55846697 0.00002152 
10.59846697 0.00002066 
10.63846697 0.00001983 
10.67846697 0.00001904 
10.71846697 0.00001828 
10.75846697 0.00001755 
10.79846697 0.00001685 
10.83846697 0.00001617 
10.87846697 0.00001553 
10.91846697 0.00001490 
10.95846697 0.00001431 
10.99846697 0.00001374 
11.03846697 0.00001319 
11.07846697 0.00001266 
11.11846697 0.00001215 
11.15846697 0.00001167 
11.19846697 0.00001120 
11.23846697 0.00001075 
11.27846697 0.00001032 
11.31846697 0.00000991 
11.35846697 0.00000951 
11.39846697 0.00000913 
11.43846697 0.00000877 
11.47846697 0.00000842 
11.51846697 0.00000808 
11.55846697 0.00000776 
11.59846697 0.00000745 
11.63846697 0.00000715 
11.67846697 0.00000686 
11.71846697 0.00000659 
11.75846697 0.00000632 
11.79846697 0.00000607 
11.83846697 0.00000583 
11.87846697 0.00000560 
11.91846697 0.00000537 
11.95846697 0.00000516 
11.99846697 0.00000495 
12.03846697 0.00000475 
12.07846697 0.00000456 
12.11846697 0.00000438 
12.15846697 0.00000420 
12.19846697 0.00000404 
12.23846697 0.00000388 
12.27846697 0.00000372 
12.31846697 0.00000357 
12.35846697 0.00000343 
12.39846697 0.00000329 
12.43846697 0.00000316 
12.47846697 0.00000303 
12.51846697 0.00000291 
12.55846697 0.00000280 
12.59846697 0.00000268 
12.63846697 0.00000258 
12.67846697 0.00000247 
12.71846697 0.00000237 
12.75846697 0.00000228 
12.79846697 0.00000219 
12.83846697 0.00000210 
12.87846697 0.00000202 
12.91846697 0.00000194 
12.95846697 0.00000186 
12.99846697 0.00000178 
13.03846697 0.00000171 
13.07846697 0.00000164 
13.11846697 0.00000158 
13.15846697 0.00000152 
13.19846697 0.00000145 
13.23846697 0.00000140 
13.27846697 0.00000134 
13.31846697 0.00000129 
13.35846697 0.00000124 
13.39846697 0.00000119 
13.43846697 0.00000114 
13.47846697 0.00000109 
13.51846697 0.00000105 
13.55846697 0.00000101 
13.59846697 0.00000097 
13.63846697 0.00000093 
13.67846697 0.00000089 
13.71846697 0.00000086 
13.75846697 0.00000082 
13.79846697 0.00000079 
13.83846697 0.00000076 
13.87846697 0.00000073 
13.91846697 0.00000070 
13.95846697 0.00000067 
13.99846697 0.00000064 
14.03846697 0.00000062 
14.07846697 0.00000059 
14.11846697 0.00000057 
14.15846697 0.00000055 
14.19846697 0.00000052 
14.23846697 0.00000050 
14.27846697 0.00000048 
14.31846697 0.00000046 
14.35846697 0.00000045 
14.39846697 0.00000043 
14.43846697 0.00000041 
14.47846697 0.00000039 
14.51846697 0.00000038 
14.55846697 0.00000036 
14.59846697 0.00000035 
14.63846697 0.00000033 
14.67846697 0.00000032 
14.71846697 0.00000031 
14.75846697 0.00000030 
14.79846697 0.00000028 
14.83846697 0.00000027 
14.87846697 0.00000026 
14.91846697 0.00000025 
14.95846697 0.00000024 
14.99846697 0.00000023 
15.03846697 0.00000022 
15.07846697 0.00000021 
15.11846697 0.00000021 
15.15846697 0.00000020 
15.19846697 0.00000019 
15.23846697 0.00000018 
15.27846697 0.00000017 
15.31846697 0.00000017 
15.35846697 0.00000016 
15.39846697 0.00000015 
15.43846697 0.00000015 
15.47846697 0.00000014 
15.51846697 0.00000014 
15.55846697 0.00000013 
15.59846697 0.00000013 
15.63846697 0.00000012 
15.67846697 0.00000012 
15.71846697 0.00000011 
15.75846697 0.00000011 
15.79846697 0.00000010 
15.83846697 0.00000010 
15.87846697 0.00000009 
15.91846697 0.00000009 
15.95846697 0.00000009 
15.99846697 0.00000008 
16.03846697 0.00000008 
16.07846697 0.00000008 
16.11846697 0.00000007 
16.15846697 0.00000007 
16.19846697 0.00000007 
16.23846697 0.00000007 
16.27846697 0.00000006 
16.31846697 0.00000006 
16.35846697 0.00000006 
16.39846697 0.00000006 
16.43846697 0.00000005 
16.47846697 0.00000005 
16.51846697 0.00000005 
16.55846697 0.00000005 
16.59846697 0.00000005 
16.63846697 0.00000004 
16.67846697 0.00000004 
16.71846697 0.00000004 
16.75846697 0.00000004 
16.79846697 0.00000004 
16.83846697 0.00000004 
16.87846697 0.00000003 
16.91846697 0.00000003 
16.95846697 0.00000003 
16.99846697 0.00000003 
17.03846697 0.00000003 
17.07846697 0.00000003 
17.11846697 0.00000003 
17.15846697 0.00000003 
17.19846697 0.00000002 
17.23846697 0.00000002 
17.27846697 0.00000002 
17.31846697 0.00000002 
17.35846697 0.00000002 
17.39846697 0.00000002 
17.43846697 0.00000002 
17.47846697 0.00000002 
17.51846697 0.00000002 
17.55846697 0.00000002 
17.59846697 0.00000002 
17.63846697 0.00000002 
17.67846697 0.00000002 
17.71846697 0.00000001 
17.75846697 0.00000001 
17.79846697 0.00000001 
17.83846697 0.00000001 
17.87846697 0.00000001 
17.91846697 0.00000001 
17.95846697 0.00000001 
17.99846697 0.00000001 
18.03846697 0.00000001 
18.07846697 0.00000001 
18.11846697 0.00000001 
18.15846697 0.00000001 
18.19846697 0.00000001 
18.23846697 0.00000001 
18.27846697 0.00000001 
18.31846697 0.00000001 
18.35846697 0.00000001 
18.39846697 0.00000001 
18.43846697 0.00000001 
18.47846697 0.00000001 
18.51846697 0.00000001 
18.55846697 0.00000001 
18.59846697 0.00000001 
18.63846697 0.00000001 
18.67846697 0.00000001 
18.71846697 0.00000001 
18.75846697 0.00000000 
18.79846697 0.00000000 
18.83846697 0.00000000 
18.87846697 0.00000000 
18.91846697 0.00000000 
18.95846697 0.00000000 
18.99846697 0.00000000 
19.03846697 0.00000000 
19.07846697 0.00000000 
19.11846697 0.00000000 
19.15846697 0.00000000 
19.19846697 0.00000000 
19.23846697 0.00000000 
19.27846697 0.00000000 
19.31846697 0.00000000 
19.35846697 0.00000000 
19.39846697 0.00000000 
19.43846697 0.00000000 
19.47846697 0.00000000 
19.51846697 0.00000000 
19.55846697 0.00000000 
19.59846697 0.00000000 
19.63846697 0.00000000 
19.67846697 0.00000000 
19.71846697 0.00000000 
19.75846697 0.00000000 
19.79846697 0.00000000 
19.83846697 0.00000000 
19.87846697 0.00000000 
19.91846697 0.00000000 
19.95846697 0.00000000 
19.99846697 0.00000000 
20.03846697 0.00000000 
20.07846697 0.00000000 
20.11846697 0.00000000 
20.15846697 0.00000000 
20.19846697 0.00000000 
20.23846697 0.00000000 
20.27846697 0.00000000 
20.31846697 0.00000000 
20.35846697 0.00000000 
20.39846697 0.00000000 
20.43846697 0.00000000 
20.47846697 0.00000000 
20.51846697 0.00000000 
20.55846697 0.00000000 
20.59846697 0.00000000 
20.63846697 0.00000000 
20.67846697 0.00000000 
20.71846697 0.00000000 
20.75846697 0.00000000 
20.79846697 0.00000000 
20.83846697 0.00000000 
20.87846697 0.00000000 
20.91846697 0.00000000 
20.95846697 0.00000000 
20.99846697 0.00000000 
21.03846697 0.00000000 
21.07846697 0.00000000 
21.11846697 0.00000000 
21.15846697 0.00000000 
21.19846697 0.00000000 
21.23846697 0.00000000 
21.27846697 0.00000000 
21.31846697 0.00000000 
21.35846697 0.00000000 
21.39846697 0.00000000 
21.43846697 0.00000000 
21.47846697 0.00000000 
21.51846697 0.00000000 
21.55846697 0.00000000 
21.59846697 0.00000000 
21.63846697 0.00000000 
21.67846697 0.00000000 
21.71846697 0.00000000 
21.75846697 0.00000000 
21.79846697 0.00000000 
21.83846697 0.00000000 
21.87846697 0.00000000 
21.91846697 0.00000000 
21.95846697 0.00000000 
21.99846697 0.00000000 
22.03846697 0.00000000 
22.07846697 0.00000000 
22.11846697 0.00000000 
22.15846697 0.00000000 
22.19846697 0.00000000 
22.23846697 0.00000000 
22.27846697 0.00000000 
22.31846697 0.00000000 
22.35846697 0.00000000 
22.39846697 0.00000000 
22.43846697 0.00000000 
22.47846697 0.00000000 
22.51846697 0.00000000 
22.55846697 0.00000000 
22.59846697 0.00000000 
22.63846697 0.00000000 
22.67846697 0.00000000 
22.71846697 0.00000000 
22.75846697 0.00000000 
22.79846697 0.00000000 
22.83846697 0.00000000 
22.87846697 0.00000000 
22.91846697 0.00000000 
22.95846697 0.00000000 
22.99846697 0.00000000 
23.03846697 0.00000000 
23.07846697 0.00000000 
23.11846697 0.00000000 
23.15846697 0.00000000 
23.19846697 0.00000000 
23.23846697 0.00000000 
23.27846697 0.00000000 
23.31846697 0.00000000 
23.35846697 0.00000000 
23.39846697 0.00000000 
23.43846697 0.00000000 
23.47846697 0.00000000 
23.51846697 0.00000000 
23.55846697 0.00000000 
23.59846697 0.00000000 
23.63846697 0.00000000 
23.67846697 0.00000000 
23.71846697 0.00000000 
23.75846697 0.00000000 
23.79846697 0.00000000 
23.83846697 0.00000000 
23.87846697 0.00000000 
23.91846697 0.00000000 
23.95846697 0.00000000 
23.99846697 0.00000000 
24.03846697 0.00000000 
24.07846697 0.00000000 
24.11846697 0.00000000 
24.15846697 0.00000000 
24.19846697 0.00000000 
24.23846697 0.00000000 
24.27846697 0.00000000 
24.31846697 0.00000000 
24.35846697 0.00000000 
24.39846697 0.00000000 
24.43846697 0.00000000 
24.47846697 0.00000000 
24.51846697 0.00000000 
24.55846697 0.00000000 
24.59846697 0.00000000 
24.63846697 0.00000000 
24.67846697 0.00000000 
24.71846697 0.00000000 
24.75846697 0.00000000 
24.79846697 0.00000000 
24.83846697 0.00000000 
24.87846697 0.00000000 
24.91846697 0.00000000 
24.95846697 0.00000000 
24.99846697 0.00000000 
25.03846697 0.00000000 
25.07846697 0.00000000 
25.11846697 0.00000000 
25.15846697 0.00000000 
25.19846697 0.00000000 
25.23846697 0.00000000 
25.27846697 0.00000000 
25.31846697 0.00000000 
25.35846697 0.00000000 
25.39846697 0.00000000 
25.43846697 0.00000000 
25.47846697 0.00000000 
25.51846697 0.00000000 
25.55846697 0.00000000 
25.59846697 0.00000000 
25.63846697 0.00000000 
25.67846697 0.00000000 
25.71846697 0.00000000 
25.75846697 0.00000000 
25.79846697 0.00000000 
25.83846697 0.00000000 
25.87846697 0.00000000 
25.91846697 0.00000000 
25.95846697 0.00000000 
25.99846697 0.00000000 
26.03846697 0.00000000 
26.07846697 0.00000000 
26.11846697 0.00000000 
26.15846697 0.00000000 
26.19846697 0.00000000 
26.23846697 0.00000000 
26.27846697 0.00000000 
26.31846697 0.00000000 
26.35846697 0.00000000 
26.39846697 0.00000000 
26.43846697 0.00000000 
26.47846697 0.00000000 
26.51846697 0.00000000 
26.55846697 0.00000000 
26.59846697 0.00000000 
26.63846697 0.00000000 
26.67846697 0.00000000 
26.71846697 0.00000000 
26.75846697 0.00000000 
26.79846697 0.00000000 
26.83846697 0.00000000 
26.87846697 0.00000000 
26.91846697 0.00000000 
26.95846697 0.00000000 
26.99846697 0.00000000 
27.03846697 0.00000000 
27.07846697 0.00000000 
27.11846697 0.00000000 
27.15846697 0.00000000 
27.19846697 0.00000000 
27.23846697 0.00000000 
27.27846697 0.00000000 
27.31846697 0.00000000 
27.35846697 0.00000000 
27.39846697 0.00000000 
27.43846697 0.00000000 
27.47846697 0.00000000 
27.51846697 0.00000000 
27.55846697 0.00000000 
27.59846697 0.00000000 
27.63846697 0.00000000 
27.67846697 0.00000000 
27.71846697 0.00000000 
27.75846697 0.00000000 
27.79846697 0.00000000 
27.83846697 0.00000000 
27.87846697 0.00000000 
27.91846697 0.00000000 
27.95846697 0.00000000 
27.99846697 0.00000000 
28.03846697 0.00000000 
28.07846697 0.00000000 
28.11846697 0.00000000 
28.15846697 0.00000000 
28.19846697 0.00000000 
28.23846697 0.00000000 
28.27846697 0.00000000 
28.31846697 0.00000000 
28.35846697 0.00000000 
28.39846697 0.00000000 
28.43846697 0.00000000 
28.47846697 0.00000000 
28.51846697 0.00000000 
28.55846697 0.00000000 
28.59846697 0.00000000 
28.63846697 0.00000000 
28.67846697 0.00000000 
28.71846697 0.00000000 
28.75846697 0.00000000 
28.79846697 0.00000000 
28.83846697 0.00000000 
28.87846697 0.00000000 
28.91846697 0.00000000 
28.95846697 0.00000000 
28.99846697 0.00000000 
29.03846697 0.00000000 
29.07846697 0.00000000 
29.11846697 0.00000000 
29.15846697 0.00000000 
29.19846697 0.00000000 
29.23846697 0.00000000 
29.27846697 0.00000000 
29.31846697 0.00000000 
29.35846697 0.00000000 
29.39846697 0.00000000 
29.43846697 0.00000000 
29.47846697 0.00000000 
29.51846697 0.00000000 
29.55846697 0.00000000 
29.59846697 0.00000000 
29.63846697 0.00000000 
29.67846697 0.00000000 
29.71846697 0.00000000 
29.75846697 0.00000000 
29.79846697 0.00000000 
29.83846697 0.00000000 
29.87846697 0.00000000 
29.91846697 0.00000000 
29.95846697 0.00000000 
29.99846697 0.00000000 
30.03846697 0.00000000 
30.07846697 0.00000000 
30.11846697 0.00000000 
30.15846697 0.00000000 
30.19846697 0.00000000 
30.23846697 0.00000000 
30.27846697 0.00000000 
30.31846697 0.00000000 
30.35846697 0.00000000 
30.39846697 0.00000000 
30.43846697 0.00000000 
30.47846697 0.00000000 
30.51846697 0.00000000 
30.55846697 0.00000000 
30.59846697 0.00000000 
30.63846697 0.00000000 
30.67846697 0.00000000 
30.71846697 0.00000000 
30.75846697 0.00000000 
30.79846697 0.00000000 
30.83846697 0.00000000 
30.87846697 0.00000000 
30.91846697 0.00000000 
30.95846697 0.00000000 
30.99846697 0.00000000 
31.03846697 0.00000000 
31.07846697 0.00000000 
31.11846697 0.00000000 
31.15846697 0.00000000 
31.19846697 0.00000000 
31.23846697 0.00000000 
31.27846697 0.00000000 
31.31846697 0.00000000 
31.35846697 0.00000000 
31.39846697 0.00000000 
31.43846697 0.00000000 
31.47846697 0.00000000 
31.51846697 0.00000000 
31.55846697 0.00000000 
31.59846697 0.00000000 
31.63846697 0.00000000 
31.67846697 0.00000000 
31.71846697 0.00000000 
31.75846697 0.00000000 
31.79846697 0.00000000 
31.83846697 0.00000000 
31.87846697 0.00000000 
31.91846697 0.00000000 
31.95846697 0.00000000 
31.99846697 0.00000000 
32.03846697 0.00000000 
32.07846697 0.00000000 
32.11846697 0.00000000 
32.15846697 0.00000000 
32.19846697 0.00000000 
32.23846697 0.00000000 
32.27846697 0.00000000 
32.31846697 0.00000000 
32.35846697 0.00000000 
32.39846697 0.00000000 
32.43846697 0.00000000 
32.47846697 0.00000000 
32.51846697 0.00000000 
32.55846697 0.00000000 
32.59846697 0.00000000 
32.63846697 0.00000000 
32.67846697 0.00000000 
32.71846697 0.00000000 
32.75846697 0.00000000 
32.79846697 0.00000000 
32.83846697 0.00000000 
32.87846697 0.00000000 
32.91846697 0.00000000 
32.95846697 0.00000000 
32.99846697 0.00000000 
33.03846697 0.00000000 
33.07846697 0.00000000 
33.11846697 0.00000000 
33.15846697 0.00000000 
33.19846697 0.00000000 
33.23846697 0.00000000 
33.27846697 0.00000000 
33.31846697 0.00000000 
33.35846697 0.00000000 
33.39846697 0.00000000 
33.43846697 0.00000000 
33.47846697 0.00000000 
33.51846697 0.00000000 
33.55846697 0.00000000 
33.59846697 0.00000000 
33.63846697 0.00000000 
33.67846697 0.00000000 
33.71846697 0.00000000 
33.75846697 0.00000000 
33.79846697 0.00000000 
33.83846697 0.00000000 
33.87846697 0.00000000 
33.91846697 0.00000000 
33.95846697 0.00000000 
33.99846697 0.00000000 
34.03846697 0.00000000 
34.07846697 0.00000000 
34.11846697 0.00000000 
34.15846697 0.00000000 
34.19846697 0.00000000 
34.23846697 0.00000000 
34.27846697 0.00000000 
34.31846697 0.00000000 
34.35846697 0.00000000 
34.39846697 0.00000000 
34.43846697 0.00000000 
34.47846697 0.00000000 
34.51846697 0.00000000 
34.55846697 0.00000000 
34.59846697 0.00000000 
34.63846697 0.00000000 
34.67846697 0.00000000 
34.71846697 0.00000000 
34.75846697 0.00000000 
34.79846697 0.00000000 
34.83846697 0.00000000 
34.87846697 0.00000000 
34.91846697 0.00000000 
34.95846697 0.00000000 
34.99846697 0.00000000 
35.03846697 0.00000000 
35.07846697 0.00000000 
35.11846697 0.00000000 
35.15846697 0.00000000 
35.19846697 0.00000000 
35.23846697 0.00000000 
35.27846697 0.00000000 
35.31846697 0.00000000 
35.35846697 0.00000000 
35.39846697 0.00000000 
35.43846697 0.00000000 
35.47846697 0.00000000 
35.51846697 0.00000000 
35.55846697 0.00000000 
35.59846697 0.00000000 
35.63846697 0.00000000 
35.67846697 0.00000000 
35.71846697 0.00000000 
35.75846697 0.00000000 
35.79846697 0.00000000 
35.83846697 0.00000000 
35.87846697 0.00000000 
35.91846697 0.00000000 
35.95846697 0.00000000 
35.99846697 0.00000000 
36.03846697 0.00000000 
36.07846697 0.00000000 
36.11846697 0.00000000 
36.15846697 0.00000000 
36.19846697 0.00000000 
36.23846697 0.00000000 
36.27846697 0.00000000 
36.31846697 0.00000000 
36.35846697 0.00000000 
36.39846697 0.00000000 
36.43846697 0.00000000 
36.47846697 0.00000000 
36.51846697 0.00000000 
36.55846697 0.00000000 
36.59846697 0.00000000 
36.63846697 0.00000000 
36.67846697 0.00000000 
36.71846697 0.00000000 
36.75846697 0.00000000 
36.79846697 0.00000000 
36.83846697 0.00000000 
36.87846697 0.00000000 
36.91846697 0.00000000 
36.95846697 0.00000000 
36.99846697 0.00000000 
37.03846697 0.00000000 
37.07846697 0.00000000 
37.11846697 0.00000000 
37.15846697 0.00000000 
37.19846697 0.00000000 
37.23846697 0.00000000 
37.27846697 0.00000000 
37.31846697 0.00000000 
37.35846697 0.00000000 
37.39846697 0.00000000 
37.43846697 0.00000000 
37.47846697 0.00000000 
37.51846697 0.00000000 
37.55846697 0.00000000 
37.59846697 0.00000000 
37.63846697 0.00000000 
37.67846697 0.00000000 
37.71846697 0.00000000 
37.75846697 0.00000000 
37.79846697 0.00000000 
37.83846697 0.00000000 
37.87846697 0.00000000 
37.91846697 0.00000000 
37.95846697 0.00000000 
37.99846697 0.00000000 
38.03846697 0.00000000 
38.07846697 0.00000000 
38.11846697 0.00000000 
38.15846697 0.00000000 
38.19846697 0.00000000 
38.23846697 0.00000000 
38.27846697 0.00000000 
38.31846697 0.00000000 
38.35846697 0.00000000 
38.39846697 0.00000000 
38.43846697 0.00000000 
38.47846697 0.00000000 
38.51846697 0.00000000 
38.55846697 0.00000000 
38.59846697 0.00000000 
38.63846697 0.00000000 
38.67846697 0.00000000 
38.71846697 0.00000000 
38.75846697 0.00000000 
38.79846697 0.00000000 
38.83846697 0.00000000 
38.87846697 0.00000000 
38.91846697 0.00000000 
38.95846697 0.00000000 
38.99846697 0.00000000 
39.03846697 0.00000000 
39.07846697 0.00000000 
39.11846697 0.00000000 
39.15846697 0.00000000 
39.19846697 0.00000000 
39.23846697 0.00000000 
39.27846697 0.00000000 
39.31846697 0.00000000 
39.35846697 0.00000000 
39.39846697 0.00000000 
39.43846697 0.00000000 
39.47846697 0.00000000 
39.51846697 0.00000000 
39.55846697 0.00000000 
39.59846697 0.00000000 
39.63846697 0.00000000 
39.67846697 0.00000000 
39.71846697 0.00000000 
39.75846697 0.00000000 
39.79846697 0.00000000 
39.83846697 0.00000000 
39.87846697 0.00000000 
39.91846697 0.00000000 
39.95846697 0.00000000 
39.99846697 0.00000000 
40.03846697 0.00000000 
40.07846697 0.00000000 
40.11846697 0.00000000 
40.15846697 0.00000000 
40.19846697 0.00000000 
40.23846697 0.00000000 
40.27846697 0.00000000 
40.31846697 0.00000000 
40.35846697 0.00000000 
40.39846697 0.00000000 
40.43846697 0.00000000 
40.47846697 0.00000000 
40.51846697 0.00000000 
40.55846697 0.00000000 
40.59846697 0.00000000 
40.63846697 0.00000000 
40.67846697 0.00000000 
40.71846697 0.00000000 
40.75846697 0.00000000 
40.79846697 0.00000000 
40.83846697 0.00000000 
40.87846697 0.00000000 
40.91846697 0.00000000 
40.95846697 0.00000000 
40.99846697 0.00000000 
41.03846697 0.00000000 
41.07846697 0.00000000 
41.11846697 0.00000000 
41.15846697 0.00000000 
41.19846697 0.00000000 
41.23846697 0.00000000 
41.27846697 0.00000000 
41.31846697 0.00000000 
41.35846697 0.00000000 
41.39846697 0.00000000 
41.43846697 0.00000000 
41.47846697 0.00000000 
41.51846697 0.00000000 
41.55846697 0.00000000 
41.59846697 0.00000000 
41.63846697 0.00000000 
41.67846697 0.00000000 
41.71846697 0.00000000 
41.75846697 0.00000000 
41.79846697 0.00000000 
41.83846697 0.00000000 
41.87846697 0.00000000 
41.91846697 0.00000000 
41.95846697 0.00000000 
41.99846697 0.00000000 
42.03846697 0.00000000 
42.07846697 0.00000000 
42.11846697 0.00000000 
42.15846697 0.00000000 
42.19846697 0.00000000 
42.23846697 0.00000000 
42.27846697 0.00000000 
42.31846697 0.00000000 
42.35846697 0.00000000 
42.39846697 0.00000000 
42.43846697 0.00000000 
42.47846697 0.00000000 
42.51846697 0.00000000 
42.55846697 0.00000000 
42.59846697 0.00000000 
42.63846697 0.00000000 
42.67846697 0.00000000 
42.71846697 0.00000000 
42.75846697 0.00000000 
42.79846697 0.00000000 
42.83846697 0.00000000 
42.87846697 0.00000000 
42.91846697 0.00000000 
42.95846697 0.00000000 
42.99846697 0.00000000 
43.03846697 0.00000000 
43.07846697 0.00000000 
43.11846697 0.00000000 
43.15846697 0.00000000 
43.19846697 0.00000000 
43.23846697 0.00000000 
43.27846697 0.00000000 
43.31846697 0.00000000 
43.35846697 0.00000000 
43.39846697 0.00000000 
43.43846697 0.00000000 
43.47846697 0.00000000 
43.51846697 0.00000000 
43.55846697 0.00000000 
43.59846697 0.00000000 
43.63846697 0.00000000 
43.67846697 0.00000000 
43.71846697 0.00000000 
43.75846697 0.00000000 
43.79846697 0.00000000 
43.83846697 0.00000000 
43.87846697 0.00000000 
43.91846697 0.00000000 
43.95846697 0.00000000 
43.99846697 0.00000000 
44.03846697 0.00000000 
44.07846697 0.00000000 
44.11846697 0.00000000 
44.15846697 0.00000000 
44.19846697 0.00000000 
44.23846697 0.00000000 
44.27846697 0.00000000 
44.31846697 0.00000000 
44.35846697 0.00000000 
44.39846697 0.00000000 
44.43846697 0.00000000 
44.47846697 0.00000000 
44.51846697 0.00000000 
44.55846697 0.00000000 
44.59846697 0.00000000 
44.63846697 0.00000000 
44.67846697 0.00000000 
44.71846697 0.00000000 
44.75846697 0.00000000 
44.79846697 0.00000000 
44.83846697 0.00000000 
44.87846697 0.00000000 
44.91846697 0.00000000 
44.95846697 0.00000000 
44.99846697 0.00000000 
45.03846697 0.00000000 
45.07846697 0.00000000 
45.11846697 0.00000000 
45.15846697 0.00000000 
45.19846697 0.00000000 
45.23846697 0.00000000 
45.27846697 0.00000000 
45.31846697 0.00000000 
45.35846697 0.00000000 
45.39846697 0.00000000 
45.43846697 0.00000000 
45.47846697 0.00000000 
45.51846697 0.00000000 
45.55846697 0.00000000 
45.59846697 0.00000000 
45.63846697 0.00000000 
45.67846697 0.00000000 
45.71846697 0.00000000 
45.75846697 0.00000000 
45.79846697 0.00000000 
45.83846697 0.00000000 
45.87846697 0.00000000 
45.91846697 0.00000000 
45.95846697 0.00000000 
45.99846697 0.00000000 
46.03846697 0.00000000 
46.07846697 0.00000000 
46.11846697 0.00000000 
46.15846697 0.00000000 
46.19846697 0.00000000 
46.23846697 0.00000000 
46.27846697 0.00000000 
46.31846697 0.00000000 
46.35846697 0.00000000 
46.39846697 0.00000000 
46.43846697 0.00000000 
46.47846697 0.00000000 
46.51846697 0.00000000 
46.55846697 0.00000000 
46.59846697 0.00000000 
46.63846697 0.00000000 
46.67846697 0.00000000 
46.71846697 0.00000000 
46.75846697 0.00000000 
46.79846697 0.00000000 
46.83846697 0.00000000 
46.87846697 0.00000000 
46.91846697 0.00000000 
46.95846697 0.00000000 
46.99846697 0.00000000 
47.03846697 0.00000000 
47.07846697 0.00000000 
47.11846697 0.00000000 
47.15846697 0.00000000 
47.19846697 0.00000000 
47.23846697 0.00000000 
47.27846697 0.00000000 
47.31846697 0.00000000 
47.35846697 0.00000000 
47.39846697 0.00000000 
47.43846697 0.00000000 
47.47846697 0.00000000 
47.51846697 0.00000000 
47.55846697 0.00000000 
47.59846697 0.00000000 
47.63846697 0.00000000 
47.67846697 0.00000000 
47.71846697 0.00000000 
47.75846697 0.00000000 
47.79846697 0.00000000 
47.83846697 0.00000000 
47.87846697 0.00000000 
47.91846697 0.00000000 
47.95846697 0.00000000 
47.99846697 0.00000000 
48.03846697 0.00000000 
48.07846697 0.00000000 
48.11846697 0.00000000 
48.15846697 0.00000000 
48.19846697 0.00000000 
48.23846697 0.00000000 
48.27846697 0.00000000 
48.31846697 0.00000000 
48.35846697 0.00000000 
48.39846697 0.00000000 
48.43846697 0.00000000 
48.47846697 0.00000000 
48.51846697 0.00000000 
48.55846697 0.00000000 
48.59846697 0.00000000 
48.63846697 0.00000000 
48.67846697 0.00000000 
48.71846697 0.00000000 
48.75846697 0.00000000 
48.79846697 0.00000000 
48.83846697 0.00000000 
48.87846697 0.00000000 
48.91846697 0.00000000 
48.95846697 0.00000000 
48.99846697 0.00000000 
49.03846697 0.00000000 
49.07846697 0.00000000 
49.11846697 0.00000000 
49.15846697 0.00000000 
49.19846697 0.00000000 
49.23846697 0.00000000 
49.27846697 0.00000000 
49.31846697 0.00000000 
49.35846697 0.00000000 
49.39846697 0.00000000 
49.43846697 0.00000000 
49.47846697 0.00000000 
49.51846697 0.00000000 
49.55846697 0.00000000 
49.59846697 0.00000000 
49.63846697 0.00000000 
49.67846697 0.00000000 
49.71846697 0.00000000 
49.75846697 0.00000000 
49.79846697 0.00000000 
49.83846697 0.00000000 
49.87846697 0.00000000 
49.91846697 0.00000000 
49.95846697 0.00000000 
49.99846697 0.00000000 
50.03846697 0.00000000 
50.07846697 0.00000000 
50.11846697 0.00000000 
50.15846697 0.00000000 
50.19846697 0.00000000 
50.23846697 0.00000000 
50.27846697 0.00000000 
50.31846697 0.00000000 
50.35846697 0.00000000 
50.39846697 0.00000000 
50.43846697 0.00000000 
50.47846697 0.00000000 
50.51846697 0.00000000 
50.55846697 0.00000000 
50.59846697 0.00000000 
50.63846697 0.00000000 
50.67846697 0.00000000 
50.71846697 0.00000000 
50.75846697 0.00000000 
50.79846697 0.00000000 
50.83846697 0.00000000 
50.87846697 0.00000000 
50.91846697 0.00000000 
50.95846697 0.00000000 
50.99846697 0.00000000 
51.03846697 0.00000000 
51.07846697 0.00000000 
51.11846697 0.00000000 
51.15846697 0.00000000 
51.19846697 0.00000000 
51.23846697 0.00000000 
51.27846697 0.00000000 
51.31846697 0.00000000 
51.35846697 0.00000000 
51.39846697 0.00000000 
51.43846697 0.00000000 
51.47846697 0.00000000 
51.51846697 0.00000000 
51.55846697 0.00000000 
51.59846697 0.00000000 
51.63846697 0.00000000 
51.67846697 0.00000000 
51.71846697 0.00000000 
51.75846697 0.00000000 
51.79846697 0.00000000 
51.83846697 0.00000000 
51.87846697 0.00000000 
51.91846697 0.00000000 
51.95846697 0.00000000 
51.99846697 0.00000000 
52.03846697 0.00000000 
52.07846697 0.00000000 
52.11846697 0.00000000 
52.15846697 0.00000000 
52.19846697 0.00000000 
52.23846697 0.00000000 
52.27846697 0.00000000 
52.31846697 0.00000000 
52.35846697 0.00000000 
52.39846697 0.00000000 
52.43846697 0.00000000 
52.47846697 0.00000000 
52.51846697 0.00000000 
52.55846697 0.00000000 
52.59846697 0.00000000 
52.63846697 0.00000000 
52.67846697 0.00000000 
52.71846697 0.00000000 
52.75846697 0.00000000 
52.79846697 0.00000000 
52.83846697 0.00000000 
52.87846697 0.00000000 
52.91846697 0.00000000 
52.95846697 0.00000000 
52.99846697 0.00000000 
53.03846697 0.00000000 
53.07846697 0.00000000 
53.11846697 0.00000000 
53.15846697 0.00000000 
53.19846697 0.00000000 
53.23846697 0.00000000 
53.27846697 0.00000000 
53.31846697 0.00000000 
53.35846697 0.00000000 
53.39846697 0.00000000 
53.43846697 0.00000000 
53.47846697 0.00000000 
53.51846697 0.00000000 
53.55846697 0.00000000 
53.59846697 0.00000000 
53.63846697 0.00000000 
53.67846697 0.00000000 
53.71846697 0.00000000 
53.75846697 0.00000000 
53.79846697 0.00000000 
53.83846697 0.00000000 
53.87846697 0.00000000 
53.91846697 0.00000000 
53.95846697 0.00000000 
53.99846697 0.00000000 
54.03846697 0.00000000 
54.07846697 0.00000000 
54.11846697 0.00000000 
54.15846697 0.00000000 
54.19846697 0.00000000 
54.23846697 0.00000000 
54.27846697 0.00000000 
54.31846697 0.00000000 
54.35846697 0.00000000 
54.39846697 0.00000000 
54.43846697 0.00000000 
54.47846697 0.00000000 
54.51846697 0.00000000 
54.55846697 0.00000000 
54.59846697 0.00000000 
54.63846697 0.00000000 
54.67846697 0.00000000 
54.71846697 0.00000000 
54.75846697 0.00000000 
54.79846697 0.00000000 
54.83846697 0.00000000 
54.87846697 0.00000000 
54.91846697 0.00000000 
54.95846697 0.00000000 
54.99846697 0.00000000 
55.03846697 0.00000000 
55.07846697 0.00000000 
55.11846697 0.00000000 
55.15846697 0.00000000 
55.19846697 0.00000000 
55.23846697 0.00000000 
55.27846697 0.00000000 
55.31846697 0.00000000 
55.35846697 0.00000000 
55.39846697 0.00000000 
55.43846697 0.00000000 
55.47846697 0.00000000 
55.51846697 0.00000000 
55.55846697 0.00000000 
55.59846697 0.00000000 
55.63846697 0.00000000 
55.67846697 0.00000000 
55.71846697 0.00000000 
55.75846697 0.00000000 
55.79846697 0.00000000 
55.83846697 0.00000000 
55.87846697 0.00000000 
55.91846697 0.00000000 
55.95846697 0.00000000 
55.99846697 0.00000000 
56.03846697 0.00000000 
56.07846697 0.00000000 
56.11846697 0.00000000 
56.15846697 0.00000000 
56.19846697 0.00000000 
56.23846697 0.00000000 
56.27846697 0.00000000 
56.31846697 0.00000000 
56.35846697 0.00000000 
56.39846697 0.00000000 
56.43846697 0.00000000 
56.47846697 0.00000000 
56.51846697 0.00000000 
56.55846697 0.00000000 
56.59846697 0.00000000 
56.63846697 0.00000000 
56.67846697 0.00000000 
56.71846697 0.00000000 
56.75846697 0.00000000 
56.79846697 0.00000000 
56.83846697 0.00000000 
56.87846697 0.00000000 
56.91846697 0.00000000 
56.95846697 0.00000000 
56.99846697 0.00000000 
57.03846697 0.00000000 
57.07846697 0.00000000 
57.11846697 0.00000000 
57.15846697 0.00000000 
57.19846697 0.00000000 
57.23846697 0.00000000 
57.27846697 0.00000000 
57.31846697 0.00000000 
57.35846697 0.00000000 
57.39846697 0.00000000 
57.43846697 0.00000000 
57.47846697 0.00000000 
57.51846697 0.00000000 
57.55846697 0.00000000 
57.59846697 0.00000000 
57.63846697 0.00000000 
57.67846697 0.00000000 
57.71846697 0.00000000 
57.75846697 0.00000000 
57.79846697 0.00000000 
57.83846697 0.00000000 
57.87846697 0.00000000 
57.91846697 0.00000000 
57.95846697 0.00000000 
57.99846697 0.00000000 
58.03846697 0.00000000 
58.07846697 0.00000000 
58.11846697 0.00000000 
58.15846697 0.00000000 
58.19846697 0.00000000 
58.23846697 0.00000000 
58.27846697 0.00000000 
58.31846697 0.00000000 
58.35846697 0.00000000 
58.39846697 0.00000000 
58.43846697 0.00000000 
58.47846697 0.00000000 
58.51846697 0.00000000 
58.55846697 0.00000000 
58.59846697 0.00000000 
58.63846697 0.00000000 
58.67846697 0.00000000 
58.71846697 0.00000000 
58.75846697 0.00000000 
58.79846697 0.00000000 
58.83846697 0.00000000 
58.87846697 0.00000000 
58.91846697 0.00000000 
58.95846697 0.00000000 
58.99846697 0.00000000 
59.03846697 0.00000000 
59.07846697 0.00000000 
59.11846697 0.00000000 
59.15846697 0.00000000 
59.19846697 0.00000000 
59.23846697 0.00000000 
59.27846697 0.00000000 
59.31846697 0.00000000 
59.35846697 0.00000000 
59.39846697 0.00000000 
59.43846697 0.00000000 
59.47846697 0.00000000 
59.51846697 0.00000000 
59.55846697 0.00000000 
59.59846697 0.00000000 
59.63846697 0.00000000 
59.67846697 0.00000000 
59.71846697 0.00000000 
59.75846697 0.00000000 
59.79846697 0.00000000 
59.83846697 0.00000000 
59.87846697 0.00000000 
59.91846697 0.00000000 
59.95846697 0.00000000 
59.99846697 0.00000000 
60.03846697 0.00000000 
60.07846697 0.00000000 
60.11846697 0.00000000 
60.15846697 0.00000000 
60.19846697 0.00000000 
60.23846697 0.00000000 
60.27846697 0.00000000 
60.31846697 0.00000000 
60.35846697 0.00000000 
60.39846697 0.00000000 
60.43846697 0.00000000 
60.47846697 0.00000000 
60.51846697 0.00000000 
60.55846697 0.00000000 
60.59846697 0.00000000 
60.63846697 0.00000000 
60.67846697 0.00000000 
60.71846697 0.00000000 
60.75846697 0.00000000 
60.79846697 0.00000000 
60.83846697 0.00000000 
60.87846697 0.00000000 
60.91846697 0.00000000 
60.95846697 0.00000000 
60.99846697 0.00000000 
61.03846697 0.00000000 
61.07846697 0.00000000 
61.11846697 0.00000000 
61.15846697 0.00000000 
61.19846697 0.00000000 
61.23846697 0.00000000 
61.27846697 0.00000000 
61.31846697 0.00000000 
61.35846697 0.00000000 
61.39846697 0.00000000 
61.43846697 0.00000000 
61.47846697 0.00000000 
61.51846697 0.00000000 
61.55846697 0.00000000 
61.59846697 0.00000000 
61.63846697 0.00000000 
61.67846697 0.00000000 
61.71846697 0.00000000 
61.75846697 0.00000000 
61.79846697 0.00000000 
61.83846697 0.00000000 
61.87846697 0.00000000 
61.91846697 0.00000000 
61.95846697 0.00000000 
61.99846697 0.00000000 
62.03846697 0.00000000 
62.07846697 0.00000000 
62.11846697 0.00000000 
62.15846697 0.00000000 
62.19846697 0.00000000 
62.23846697 0.00000000 
62.27846697 0.00000000 
62.31846697 0.00000000 
62.35846697 0.00000000 
62.39846697 0.00000000 
62.43846697 0.00000000 
62.47846697 0.00000000 
62.51846697 0.00000000 
62.55846697 0.00000000 
62.59846697 0.00000000 
62.63846697 0.00000000 
62.67846697 0.00000000 
62.71846697 0.00000000 
62.75846697 0.00000000 
62.79846697 0.00000000 
62.83846697 0.00000000 
62.87846697 0.00000000 
62.91846697 0.00000000 
62.95846697 0.00000000 
62.99846697 0.00000000 
63.03846697 0.00000000 
63.07846697 0.00000000 
63.11846697 0.00000000 
63.15846697 0.00000000 
63.19846697 0.00000000 
63.23846697 0.00000000 
63.27846697 0.00000000 
63.31846697 0.00000000 
63.35846697 0.00000000 
63.39846697 0.00000000 
63.43846697 0.00000000 
63.47846697 0.00000000 
63.51846697 0.00000000 
63.55846697 0.00000000 
63.59846697 0.00000000 
63.63846697 0.00000000 
63.67846697 0.00000000 
63.71846697 0.00000000 
63.75846697 0.00000000 
63.79846697 0.00000000 
63.83846697 0.00000000 
63.87846697 0.00000000 
63.91846697 0.00000000 
63.95846697 0.00000000 
63.99846697 0.00000000 
64.03846697 0.00000000 
64.07846697 0.00000000 
64.11846697 0.00000000 
64.15846697 0.00000000 
64.19846697 0.00000000 
64.23846697 0.00000000 
64.27846697 0.00000000 
64.31846697 0.00000000 
64.35846697 0.00000000 
64.39846697 0.00000000 
64.43846697 0.00000000 
64.47846697 0.00000000 
64.51846697 0.00000000 
64.55846697 0.00000000 
64.59846697 0.00000000 
64.63846697 0.00000000 
64.67846697 0.00000000 
64.71846697 0.00000000 
64.75846697 0.00000000 
64.79846697 0.00000000 
64.83846697 0.00000000 
64.87846697 0.00000000 
64.91846697 0.00000000 
64.95846697 0.00000000 
64.99846697 0.00000000 
65.03846697 0.00000000 
65.07846697 0.00000000 
65.11846697 0.00000000 
65.15846697 0.00000000 
65.19846697 0.00000000 
65.23846697 0.00000000 
65.27846697 0.00000000 
65.31846697 0.00000000 
65.35846697 0.00000000 
65.39846697 0.00000000 
65.43846697 0.00000000 
65.47846697 0.00000000 
65.51846697 0.00000000 
65.55846697 0.00000000 
65.59846697 0.00000000 
65.63846697 0.00000000 
65.67846697 0.00000000 
65.71846697 0.00000000 
65.75846697 0.00000000 
65.79846697 0.00000000 
65.83846697 0.00000000 
65.87846697 0.00000000 
65.91846697 0.00000000 
65.95846697 0.00000000 
65.99846697 0.00000000 
66.03846697 0.00000000 
66.07846697 0.00000000 
66.11846697 0.00000000 
66.15846697 0.00000000 
66.19846697 0.00000000 
66.23846697 0.00000000 
66.27846697 0.00000000 
66.31846697 0.00000000 
66.35846697 0.00000000 
66.39846697 0.00000000 
66.43846697 0.00000000 
66.47846697 0.00000000 
66.51846697 0.00000000 
66.55846697 0.00000000 
66.59846697 0.00000000 
66.63846697 0.00000000 
66.67846697 0.00000000 
66.71846697 0.00000000 
66.75846697 0.00000000 
66.79846697 0.00000000 
66.83846697 0.00000000 
66.87846697 0.00000000 
66.91846697 0.00000000 
66.95846697 0.00000000 
66.99846697 0.00000000 
67.03846697 0.00000000 
67.07846697 0.00000000 
67.11846697 0.00000000 
67.15846697 0.00000000 
67.19846697 0.00000000 
67.23846697 0.00000000 
67.27846697 0.00000000 
67.31846697 0.00000000 
67.35846697 0.00000000 
67.39846697 0.00000000 
67.43846697 0.00000000 
67.47846697 0.00000000 
67.51846697 0.00000000 
67.55846697 0.00000000 
67.59846697 0.00000000 
67.63846697 0.00000000 
67.67846697 0.00000000 
67.71846697 0.00000000 
67.75846697 0.00000000 
67.79846697 0.00000000 
67.83846697 0.00000000 
67.87846697 0.00000000 
67.91846697 0.00000000 
67.95846697 0.00000000 
67.99846697 0.00000000 
68.03846697 0.00000000 
68.07846697 0.00000000 
68.11846697 0.00000000 
68.15846697 0.00000000 
68.19846697 0.00000000 
68.23846697 0.00000000 
68.27846697 0.00000000 
68.31846697 0.00000000 
68.35846697 0.00000000 
68.39846697 0.00000000 
68.43846697 0.00000000 
68.47846697 0.00000000 
68.51846697 0.00000000 
68.55846697 0.00000000 
68.59846697 0.00000000 
68.63846697 0.00000000 
68.67846697 0.00000000 
68.71846697 0.00000000 
68.75846697 0.00000000 
68.79846697 0.00000000 
68.83846697 0.00000000 
68.87846697 0.00000000 
68.91846697 0.00000000 
68.95846697 0.00000000 
68.99846697 0.00000000 
69.03846697 0.00000000 
69.07846697 0.00000000 
69.11846697 0.00000000 
69.15846697 0.00000000 
69.19846697 0.00000000 
69.23846697 0.00000000 
69.27846697 0.00000000 
69.31846697 0.00000000 
69.35846697 0.00000000 
69.39846697 0.00000000 
69.43846697 0.00000000 
69.47846697 0.00000000 
69.51846697 0.00000000 
69.55846697 0.00000000 
69.59846697 0.00000000 
69.63846697 0.00000000 
69.67846697 0.00000000 
69.71846697 0.00000000 
69.75846697 0.00000000 
69.79846697 0.00000000 
69.83846697 0.00000000 
69.87846697 0.00000000 
69.91846697 0.00000000 
69.95846697 0.00000000 
69.99846697 0.00000000 
70.03846697 0.00000000 
70.07846697 0.00000000 
70.11846697 0.00000000 
70.15846697 0.00000000 
70.19846697 0.00000000 
70.23846697 0.00000000 
70.27846697 0.00000000 
70.31846697 0.00000000 
70.35846697 0.00000000 
70.39846697 0.00000000 
70.43846697 0.00000000 
70.47846697 0.00000000 
70.51846697 0.00000000 
70.55846697 0.00000000 
70.59846697 0.00000000 
70.63846697 0.00000000 
70.67846697 0.00000000 
70.71846697 0.00000000 
70.75846697 0.00000000 
70.79846697 0.00000000 
70.83846697 0.00000000 
70.87846697 0.00000000 
70.91846697 0.00000000 
70.95846697 0.00000000 
70.99846697 0.00000000 
71.03846697 0.00000000 
71.07846697 0.00000000 
71.11846697 0.00000000 
71.15846697 0.00000000 
71.19846697 0.00000000 
71.23846697 0.00000000 
71.27846697 0.00000000 
71.31846697 0.00000000 
71.35846697 0.00000000 
71.39846697 0.00000000 
71.43846697 0.00000000 
71.47846697 0.00000000 
71.51846697 0.00000000 
71.55846697 0.00000000 
71.59846697 0.00000000 
71.63846697 0.00000000 
71.67846697 0.00000000 
71.71846697 0.00000000 
71.75846697 0.00000000 
71.79846697 0.00000000 
71.83846697 0.00000000 
71.87846697 0.00000000 
71.91846697 0.00000000 
71.95846697 0.00000000 
71.99846697 0.00000000 
72.03846697 0.00000000 
72.07846697 0.00000000 
72.11846697 0.00000000 
72.15846697 0.00000000 
72.19846697 0.00000000 
72.23846697 0.00000000 
72.27846697 0.00000000 
72.31846697 0.00000000 
72.35846697 0.00000000 
72.39846697 0.00000000 
72.43846697 0.00000000 
72.47846697 0.00000000 
72.51846697 0.00000000 
72.55846697 0.00000000 
72.59846697 0.00000000 
72.63846697 0.00000000 
72.67846697 0.00000000 
72.71846697 0.00000000 
72.75846697 0.00000000 
72.79846697 0.00000000 
72.83846697 0.00000000 
72.87846697 0.00000000 
72.91846697 0.00000000 
72.95846697 0.00000000 
72.99846697 0.00000000 
73.03846697 0.00000000 
73.07846697 0.00000000 
73.11846697 0.00000000 
73.15846697 0.00000000 
73.19846697 0.00000000 
73.23846697 0.00000000 
73.27846697 0.00000000 
73.31846697 0.00000000 
73.35846697 0.00000000 
73.39846697 0.00000000 
73.43846697 0.00000000 
73.47846697 0.00000000 
73.51846697 0.00000000 
73.55846697 0.00000000 
73.59846697 0.00000000 
73.63846697 0.00000000 
73.67846697 0.00000000 
73.71846697 0.00000000 
73.75846697 0.00000000 
73.79846697 0.00000000 
73.83846697 0.00000000 
73.87846697 0.00000000 
73.91846697 0.00000000 
73.95846697 0.00000000 
73.99846697 0.00000000 
74.03846697 0.00000000 
74.07846697 0.00000000 
74.11846697 0.00000000 
74.15846697 0.00000000 
74.19846697 0.00000000 
74.23846697 0.00000000 
74.27846697 0.00000000 
74.31846697 0.00000000 
74.35846697 0.00000000 
74.39846697 0.00000000 
74.43846697 0.00000000 
74.47846697 0.00000000 
74.51846697 0.00000000 
74.55846697 0.00000000 
74.59846697 0.00000000 
74.63846697 0.00000000 
74.67846697 0.00000000 
74.71846697 0.00000000 
74.75846697 0.00000000 
74.79846697 0.00000000 
74.83846697 0.00000000 
74.87846697 0.00000000 
74.91846697 0.00000000 
74.95846697 0.00000000 
74.99846697 0.00000000 
75.03846697 0.00000000 
75.07846697 0.00000000 
75.11846697 0.00000000 
75.15846697 0.00000000 
75.19846697 0.00000000 
75.23846697 0.00000000 
75.27846697 0.00000000 
75.31846697 0.00000000 
75.35846697 0.00000000 
75.39846697 0.00000000 
75.43846697 0.00000000 
75.47846697 0.00000000 
75.51846697 0.00000000 
75.55846697 0.00000000 
75.59846697 0.00000000 
75.63846697 0.00000000 
75.67846697 0.00000000 
75.71846697 0.00000000 
75.75846697 0.00000000 
75.79846697 0.00000000 
75.83846697 0.00000000 
75.87846697 0.00000000 
75.91846697 0.00000000 
75.95846697 0.00000000 
75.99846697 0.00000000 
76.03846697 0.00000000 
76.07846697 0.00000000 
76.11846697 0.00000000 
76.15846697 0.00000000 
76.19846697 0.00000000 
76.23846697 0.00000000 
76.27846697 0.00000000 
76.31846697 0.00000000 
76.35846697 0.00000000 
76.39846697 0.00000000 
76.43846697 0.00000000 
76.47846697 0.00000000 
76.51846697 0.00000000 
76.55846697 0.00000000 
76.59846697 0.00000000 
76.63846697 0.00000000 
76.67846697 0.00000000 
76.71846697 0.00000000 
76.75846697 0.00000000 
76.79846697 0.00000000 
76.83846697 0.00000000 
76.87846697 0.00000000 
76.91846697 0.00000000 
76.95846697 0.00000000 
76.99846697 0.00000000 
77.03846697 0.00000000 
77.07846697 0.00000000 
77.11846697 0.00000000 
77.15846697 0.00000000 
77.19846697 0.00000000 
77.23846697 0.00000000 
77.27846697 0.00000000 
77.31846697 0.00000000 
77.35846697 0.00000000 
77.39846697 0.00000000 
77.43846697 0.00000000 
77.47846697 0.00000000 
77.51846697 0.00000000 
77.55846697 0.00000000 
77.59846697 0.00000000 
77.63846697 0.00000000 
77.67846697 0.00000000 
77.71846697 0.00000000 
77.75846697 0.00000000 
77.79846697 0.00000000 
77.83846697 0.00000000 
77.87846697 0.00000000 
77.91846697 0.00000000 
77.95846697 0.00000000 
77.99846697 0.00000000 
78.03846697 0.00000000 
78.07846697 0.00000000 
78.11846697 0.00000000 
78.15846697 0.00000000 
78.19846697 0.00000000 
78.23846697 0.00000000 
78.27846697 0.00000000 
78.31846697 0.00000000 
78.35846697 0.00000000 
78.39846697 0.00000000 
78.43846697 0.00000000 
78.47846697 0.00000000 
78.51846697 0.00000000 
78.55846697 0.00000000 
78.59846697 0.00000000 
78.63846697 0.00000000 
78.67846697 0.00000000 
78.71846697 0.00000000 
78.75846697 0.00000000 
78.79846697 0.00000000 
78.83846697 0.00000000 
78.87846697 0.00000000 
78.91846697 0.00000000 
78.95846697 0.00000000 
78.99846697 0.00000000 
79.03846697 0.00000000 
79.07846697 0.00000000 
79.11846697 0.00000000 
79.15846697 0.00000000 
79.19846697 0.00000000 
79.23846697 0.00000000 
79.27846697 0.00000000 
79.31846697 0.00000000 
79.35846697 0.00000000 
79.39846697 0.00000000 
79.43846697 0.00000000 
79.47846697 0.00000000 
79.51846697 0.00000000 
79.55846697 0.00000000 
79.59846697 0.00000000 
79.63846697 0.00000000 
79.67846697 0.00000000 
79.71846697 0.00000000 
79.75846697 0.00000000 
79.79846697 0.00000000 
79.83846697 0.00000000 
79.87846697 0.00000000 
79.91846697 0.00000000 
79.95846697 0.00000000 
79.99846697 0.00000000 
80.03846697 0.00000000 
80.07846697 0.00000000 
80.11846697 0.00000000 
80.15846697 0.00000000 
80.19846697 0.00000000 
80.23846697 0.00000000 
80.27846697 0.00000000 
80.31846697 0.00000000 
80.35846697 0.00000000 
80.39846697 0.00000000 
80.43846697 0.00000000 
80.47846697 0.00000000 
80.51846697 0.00000000 
80.55846697 0.00000000 
80.59846697 0.00000000 
80.63846697 0.00000000 
80.67846697 0.00000000 
80.71846697 0.00000000 
80.75846697 0.00000000 
80.79846697 0.00000000 
80.83846697 0.00000000 
80.87846697 0.00000000 
80.91846697 0.00000000 
80.95846697 0.00000000 
80.99846697 0.00000000 
81.03846697 0.00000000 
81.07846697 0.00000000 
81.11846697 0.00000000 
81.15846697 0.00000000 
81.19846697 0.00000000 
81.23846697 0.00000000 
81.27846697 0.00000000 
81.31846697 0.00000000 
81.35846697 0.00000000 
81.39846697 0.00000000 
81.43846697 0.00000000 
81.47846697 0.00000000 
81.51846697 0.00000000 
81.55846697 0.00000000 
81.59846697 0.00000000 
81.63846697 0.00000000 
81.67846697 0.00000000 
81.71846697 0.00000000 
81.75846697 0.00000000 
81.79846697 0.00000000 
81.83846697 0.00000000 
81.87846697 0.00000000 
81.91846697 0.00000000 
81.95846697 0.00000000 
81.99846697 0.00000000 
82.03846697 0.00000000 
82.07846697 0.00000000 
82.11846697 0.00000000 
82.15846697 0.00000000 
82.19846697 0.00000000 
82.23846697 0.00000000 
82.27846697 0.00000000 
82.31846697 0.00000000 
82.35846697 0.00000000 
82.39846697 0.00000000 
82.43846697 0.00000000 
82.47846697 0.00000000 
82.51846697 0.00000000 
82.55846697 0.00000000 
82.59846697 0.00000000 
82.63846697 0.00000000 
82.67846697 0.00000000 
82.71846697 0.00000000 
82.75846697 0.00000000 
82.79846697 0.00000000 
82.83846697 0.00000000 
82.87846697 0.00000000 
82.91846697 0.00000000 
82.95846697 0.00000000 
82.99846697 0.00000000 
83.03846697 0.00000000 
83.07846697 0.00000000 
83.11846697 0.00000000 
83.15846697 0.00000000 
83.19846697 0.00000000 
83.23846697 0.00000000 
83.27846697 0.00000000 
83.31846697 0.00000000 
83.35846697 0.00000000 
83.39846697 0.00000000 
83.43846697 0.00000000 
83.47846697 0.00000000 
83.51846697 0.00000000 
83.55846697 0.00000000 
83.59846697 0.00000000 
83.63846697 0.00000000 
83.67846697 0.00000000 
83.71846697 0.00000000 
83.75846697 0.00000000 
83.79846697 0.00000000 
83.83846697 0.00000000 
83.87846697 0.00000000 
83.91846697 0.00000000 
83.95846697 0.00000000 
83.99846697 0.00000000 
84.03846697 0.00000000 
84.07846697 0.00000000 
84.11846697 0.00000000 
84.15846697 0.00000000 
84.19846697 0.00000000 
84.23846697 0.00000000 
84.27846697 0.00000000 
84.31846697 0.00000000 
84.35846697 0.00000000 
84.39846697 0.00000000 
84.43846697 0.00000000 
84.47846697 0.00000000 
84.51846697 0.00000000 
84.55846697 0.00000000 
84.59846697 0.00000000 
84.63846697 0.00000000 
84.67846697 0.00000000 
84.71846697 0.00000000 
84.75846697 0.00000000 
84.79846697 0.00000000 
84.83846697 0.00000000 
84.87846697 0.00000000 
84.91846697 0.00000000 
84.95846697 0.00000000 
84.99846697 0.00000000 
85.03846697 0.00000000 
85.07846697 0.00000000 
85.11846697 0.00000000 
85.15846697 0.00000000 
85.19846697 0.00000000 
85.23846697 0.00000000 
85.27846697 0.00000000 
85.31846697 0.00000000 
85.35846697 0.00000000 
85.39846697 0.00000000 
85.43846697 0.00000000 
85.47846697 0.00000000 
85.51846697 0.00000000 
85.55846697 0.00000000 
85.59846697 0.00000000 
85.63846697 0.00000000 
85.67846697 0.00000000 
85.71846697 0.00000000 
85.75846697 0.00000000 
85.79846697 0.00000000 
85.83846697 0.00000000 
85.87846697 0.00000000 
85.91846697 0.00000000 
85.95846697 0.00000000 
85.99846697 0.00000000 
86.03846697 0.00000000 
86.07846697 0.00000000 
86.11846697 0.00000000 
86.15846697 0.00000000 
86.19846697 0.00000000 
86.23846697 0.00000000 
86.27846697 0.00000000 
86.31846697 0.00000000 
86.35846697 0.00000000 
86.39846697 0.00000000 
86.43846697 0.00000000 
86.47846697 0.00000000 
86.51846697 0.00000000 
86.55846697 0.00000000 
86.59846697 0.00000000 
86.63846697 0.00000000 
86.67846697 0.00000000 
86.71846697 0.00000000 
86.75846697 0.00000000 
86.79846697 0.00000000 
86.83846697 0.00000000 
86.87846697 0.00000000 
86.91846697 0.00000000 
86.95846697 0.00000000 
86.99846697 0.00000000 
87.03846697 0.00000000 
87.07846697 0.00000000 
87.11846697 0.00000000 
87.15846697 0.00000000 
87.19846697 0.00000000 
87.23846697 0.00000000 
87.27846697 0.00000000 
87.31846697 0.00000000 
87.35846697 0.00000000 
87.39846697 0.00000000 
87.43846697 0.00000000 
87.47846697 0.00000000 
87.51846697 0.00000000 
87.55846697 0.00000000 
87.59846697 0.00000000 
87.63846697 0.00000000 
87.67846697 0.00000000 
87.71846697 0.00000000 
87.75846697 0.00000000 
87.79846697 0.00000000 
87.83846697 0.00000000 
87.87846697 0.00000000 
87.91846697 0.00000000 
87.95846697 0.00000000 
87.99846697 0.00000000 
88.03846697 0.00000000 
88.07846697 0.00000000 
88.11846697 0.00000000 
88.15846697 0.00000000 
88.19846697 0.00000000 
88.23846697 0.00000000 
88.27846697 0.00000000 
88.31846697 0.00000000 
88.35846697 0.00000000 
88.39846697 0.00000000 
88.43846697 0.00000000 
88.47846697 0.00000000 
88.51846697 0.00000000 
88.55846697 0.00000000 
88.59846697 0.00000000 
88.63846697 0.00000000 
88.67846697 0.00000000 
88.71846697 0.00000000 
88.75846697 0.00000000 
88.79846697 0.00000000 
88.83846697 0.00000000 
88.87846697 0.00000000 
88.91846697 0.00000000 
88.95846697 0.00000000 
88.99846697 0.00000000 
89.03846697 0.00000000 
89.07846697 0.00000000 
89.11846697 0.00000000 
89.15846697 0.00000000 
89.19846697 0.00000000 
89.23846697 0.00000000 
89.27846697 0.00000000 
89.31846697 0.00000000 
89.35846697 0.00000000 
89.39846697 0.00000000 
89.43846697 0.00000000 
89.47846697 0.00000000 
89.51846697 0.00000000 
89.55846697 0.00000000 
89.59846697 0.00000000 
89.63846697 0.00000000 
89.67846697 0.00000000 
89.71846697 0.00000000 
89.75846697 0.00000000 
89.79846697 0.00000000 
89.83846697 0.00000000 
89.87846697 0.00000000 
89.91846697 0.00000000 
89.95846697 0.00000000 
89.99846697 0.00000000 
90.03846697 0.00000000 
90.07846697 0.00000000 
90.11846697 0.00000000 
90.15846697 0.00000000 
90.19846697 0.00000000 
90.23846697 0.00000000 
90.27846697 0.00000000 
90.31846697 0.00000000 
90.35846697 0.00000000 
90.39846697 0.00000000 
90.43846697 0.00000000 
90.47846697 0.00000000 
90.51846697 0.00000000 
90.55846697 0.00000000 
90.59846697 0.00000000 
90.63846697 0.00000000 
90.67846697 0.00000000 
90.71846697 0.00000000 
90.75846697 0.00000000 
90.79846697 0.00000000 
90.83846697 0.00000000 
90.87846697 0.00000000 
90.91846697 0.00000000 
90.95846697 0.00000000 
90.99846697 0.00000000 
91.03846697 0.00000000 
91.07846697 0.00000000 
91.11846697 0.00000000 
91.15846697 0.00000000 
91.19846697 0.00000000 
91.23846697 0.00000000 
91.27846697 0.00000000 
91.31846697 0.00000000 
91.35846697 0.00000000 
91.39846697 0.00000000 
91.43846697 0.00000000 
91.47846697 0.00000000 
91.51846697 0.00000000 
91.55846697 0.00000000 
91.59846697 0.00000000 
91.63846697 0.00000000 
91.67846697 0.00000000 
91.71846697 0.00000000 
91.75846697 0.00000000 
91.79846697 0.00000000 
91.83846697 0.00000000 
91.87846697 0.00000000 
91.91846697 0.00000000 
91.95846697 0.00000000 
91.99846697 0.00000000 
92.03846697 0.00000000 
92.07846697 0.00000000 
92.11846697 0.00000000 
92.15846697 0.00000000 
92.19846697 0.00000000 
92.23846697 0.00000000 
92.27846697 0.00000000 
92.31846697 0.00000000 
92.35846697 0.00000000 
92.39846697 0.00000000 
92.43846697 0.00000000 
92.47846697 0.00000000 
92.51846697 0.00000000 
92.55846697 0.00000000 
92.59846697 0.00000000 
92.63846697 0.00000000 
92.67846697 0.00000000 
92.71846697 0.00000000 
92.75846697 0.00000000 
92.79846697 0.00000000 
92.83846697 0.00000000 
92.87846697 0.00000000 
92.91846697 0.00000000 
92.95846697 0.00000000 
92.99846697 0.00000000 
93.03846697 0.00000000 
93.07846697 0.00000000 
93.11846697 0.00000000 
93.15846697 0.00000000 
93.19846697 0.00000000 
93.23846697 0.00000000 
93.27846697 0.00000000 
93.31846697 0.00000000 
93.35846697 0.00000000 
93.39846697 0.00000000 
93.43846697 0.00000000 
93.47846697 0.00000000 
93.51846697 0.00000000 
93.55846697 0.00000000 
93.59846697 0.00000000 
93.63846697 0.00000000 
93.67846697 0.00000000 
93.71846697 0.00000000 
93.75846697 0.00000000 
93.79846697 0.00000000 
93.83846697 0.00000000 
93.87846697 0.00000000 
93.91846697 0.00000000 
93.95846697 0.00000000 
93.99846697 0.00000000 
94.03846697 0.00000000 
94.07846697 0.00000000 
94.11846697 0.00000000 
94.15846697 0.00000000 
94.19846697 0.00000000 
94.23846697 0.00000000 
94.27846697 0.00000000 
94.31846697 0.00000000 
94.35846697 0.00000000 
94.39846697 0.00000000 
94.43846697 0.00000000 
94.47846697 0.00000000 
94.51846697 0.00000000 
94.55846697 0.00000000 
94.59846697 0.00000000 
94.63846697 0.00000000 
94.67846697 0.00000000 
94.71846697 0.00000000 
94.75846697 0.00000000 
94.79846697 0.00000000 
94.83846697 0.00000000 
94.87846697 0.00000000 
94.91846697 0.00000000 
94.95846697 0.00000000 
94.99846697 0.00000000 
95.03846697 0.00000000 
95.07846697 0.00000000 
95.11846697 0.00000000 
95.15846697 0.00000000 
95.19846697 0.00000000 
95.23846697 0.00000000 
95.27846697 0.00000000 
95.31846697 0.00000000 
95.35846697 0.00000000 
95.39846697 0.00000000 
95.43846697 0.00000000 
95.47846697 0.00000000 
95.51846697 0.00000000 
95.55846697 0.00000000 
95.59846697 0.00000000 
95.63846697 0.00000000 
95.67846697 0.00000000 
95.71846697 0.00000000 
95.75846697 0.00000000 
95.79846697 0.00000000 
95.83846697 0.00000000 
95.87846697 0.00000000 
95.91846697 0.00000000 
95.95846697 0.00000000 
95.99846697 0.00000000 
96.03846697 0.00000000 
96.07846697 0.00000000 
96.11846697 0.00000000 
96.15846697 0.00000000 
96.19846697 0.00000000 
96.23846697 0.00000000 
96.27846697 0.00000000 
96.31846697 0.00000000 
96.35846697 0.00000000 
96.39846697 0.00000000 
96.43846697 0.00000000 
96.47846697 0.00000000 
96.51846697 0.00000000 
96.55846697 0.00000000 
96.59846697 0.00000000 
96.63846697 0.00000000 
96.67846697 0.00000000 
96.71846697 0.00000000 
96.75846697 0.00000000 
96.79846697 0.00000000 
96.83846697 0.00000000 
96.87846697 0.00000000 
96.91846697 0.00000000 
96.95846697 0.00000000 
96.99846697 0.00000000 
97.03846697 0.00000000 
97.07846697 0.00000000 
97.11846697 0.00000000 
97.15846697 0.00000000 
97.19846697 0.00000000 
97.23846697 0.00000000 
97.27846697 0.00000000 
97.31846697 0.00000000 
97.35846697 0.00000000 
97.39846697 0.00000000 
97.43846697 0.00000000 
97.47846697 0.00000000 
97.51846697 0.00000000 
97.55846697 0.00000000 
97.59846697 0.00000000 
97.63846697 0.00000000 
97.67846697 0.00000000 
97.71846697 0.00000000 
97.75846697 0.00000000 
97.79846697 0.00000000 
97.83846697 0.00000000 
97.87846697 0.00000000 
97.91846697 0.00000000 
97.95846697 0.00000000 
97.99846697 0.00000000 
98.03846697 0.00000000 
98.07846697 0.00000000 
98.11846697 0.00000000 
98.15846697 0.00000000 
98.19846697 0.00000000 
98.23846697 0.00000000 
98.27846697 0.00000000 
98.31846697 0.00000000 
98.35846697 0.00000000 
98.39846697 0.00000000 
98.43846697 0.00000000 
98.47846697 0.00000000 
98.51846697 0.00000000 
98.55846697 0.00000000 
98.59846697 0.00000000 
98.63846697 0.00000000 
98.67846697 0.00000000 
98.71846697 0.00000000 
98.75846697 0.00000000 
98.79846697 0.00000000 
98.83846697 0.00000000 
98.87846697 0.00000000 
98.91846697 0.00000000 
98.95846697 0.00000000 
98.99846697 0.00000000 
99.03846697 0.00000000 
99.07846697 0.00000000 
99.11846697 0.00000000 
99.15846697 0.00000000 
99.19846697 0.00000000 
99.23846697 0.00000000 
99.27846697 0.00000000 
99.31846697 0.00000000 
99.35846697 0.00000000 
99.39846697 0.00000000 
99.43846697 0.00000000 
99.47846697 0.00000000 
99.51846697 0.00000000 
99.55846697 0.00000000 
99.59846697 0.00000000 
99.63846697 0.00000000 
99.67846697 0.00000000 
99.71846697 0.00000000 
99.75846697 0.00000000 
99.79846697 0.00000000 
99.83846697 0.00000000 
99.87846697 0.00000000 
99.91846697 0.00000000 
99.95846697 0.00000000 
