0.00000000 1.50000000 
0.04000000 1.53000000 
0.08000000 1.56243600 
0.12000000 1.59758681 
0.16000000 1.63577468 
0.20000000 1.67737405 
0.24000000 1.72282243 
0.28000000 1.77263422 
0.32000000 1.82741814 
0.36000000 1.88789969 
0.40000000 1.95495031 
0.44000000 2.02962553 
0.48000000 2.11321570 
0.52000000 2.20731430 
0.56000000 2.31391118 
0.60000000 2.43552213 
0.64000000 2.57537197 
0.68000000 2.73765872 
0.72000000 2.92794339 
0.76000000 3.15373975 
0.80000000 3.42543314 
0.84000000 3.75775950 
0.88000000 4.17227938 
0.92000000 4.70170481 
0.96000000 5.39787774 
1.00000000 6.34744599 
1.04000000 7.70515098 
1.08000000 9.77171900 
1.12000000 13.20030994 
1.16000000 19.64222483 
1.20000000 34.28921570 
1.24000000 79.94765959 
1.28000000 332.41488416 
1.32000000 4739.10449718 
1.36000000 902913.99772436 
1.40000000 32611014288.90119934 
1.44000000 42539130149343305728.00000000 
1.48000000 72383103754510753608749941485673119744.00000000 
1.52000000 209572548365450735608091907121230753295970673683852383287264706935725752320.00000000 
1.56000000 1756826121135567597649063300135520772856816453541228569503287763393208986514299803519433868820373925409222579396525956711688376927266018608543694848.00000000 
1.60000000 123457520796169764614564786253265563620750274327839943832671042203812198844313627749014093518206429942912691026203298640023456728972388984247429062202950935937375838604483608356081929918451271420404662785070780485660472805615171311557732331880020441491877492486772651903387164174812519130464256.00000000 
1.64000000 inf 
1.68000000 inf 
1.72000000 inf 
1.76000000 inf 
1.80000000 inf 
1.84000000 inf 
1.88000000 inf 
1.92000000 inf 
1.96000000 inf 
2.00000000 inf 
2.04000000 inf 
2.08000000 inf 
2.12000000 inf 
2.16000000 inf 
2.20000000 inf 
2.24000000 inf 
2.28000000 inf 
2.32000000 inf 
2.36000000 inf 
2.40000000 inf 
2.44000000 inf 
2.48000000 inf 
2.52000000 inf 
2.56000000 inf 
2.60000000 inf 
2.64000000 inf 
2.68000000 inf 
2.72000000 inf 
2.76000000 inf 
2.80000000 inf 
2.84000000 inf 
2.88000000 inf 
2.92000000 inf 
2.96000000 inf 
3.00000000 inf 
3.04000000 inf 
3.08000000 inf 
3.12000000 inf 
3.16000000 inf 
3.20000000 inf 
3.24000000 inf 
3.28000000 inf 
3.32000000 inf 
3.36000000 inf 
3.40000000 inf 
3.44000000 inf 
3.48000000 inf 
3.52000000 inf 
3.56000000 inf 
3.60000000 inf 
3.64000000 inf 
3.68000000 inf 
3.72000000 inf 
3.76000000 inf 
3.80000000 inf 
3.84000000 inf 
3.88000000 inf 
3.92000000 inf 
3.96000000 inf 
4.00000000 inf 
4.04000000 inf 
4.08000000 inf 
4.12000000 inf 
4.16000000 inf 
4.20000000 inf 
4.24000000 inf 
4.28000000 inf 
4.32000000 inf 
4.36000000 inf 
4.40000000 inf 
4.44000000 inf 
4.48000000 inf 
4.52000000 inf 
4.56000000 inf 
4.60000000 inf 
4.64000000 inf 
4.68000000 inf 
4.72000000 inf 
4.76000000 inf 
4.80000000 inf 
4.84000000 inf 
4.88000000 inf 
4.92000000 inf 
4.96000000 inf 
5.00000000 inf 
5.04000000 inf 
5.08000000 inf 
5.12000000 inf 
5.16000000 inf 
5.20000000 inf 
5.24000000 inf 
5.28000000 inf 
5.32000000 inf 
5.36000000 inf 
5.40000000 inf 
5.44000000 inf 
5.48000000 inf 
5.52000000 inf 
5.56000000 inf 
5.60000000 inf 
5.64000000 inf 
5.68000000 inf 
5.72000000 inf 
5.76000000 inf 
5.80000000 inf 
5.84000000 inf 
5.88000000 inf 
5.92000000 inf 
5.96000000 inf 
6.00000000 inf 
6.04000000 inf 
6.08000000 inf 
6.12000000 inf 
6.16000000 inf 
6.20000000 inf 
6.24000000 inf 
6.28000000 inf 
6.32000000 inf 
6.36000000 inf 
6.40000000 inf 
6.44000000 inf 
6.48000000 inf 
6.52000000 inf 
6.56000000 inf 
6.60000000 inf 
6.64000000 inf 
6.68000000 inf 
6.72000000 inf 
6.76000000 inf 
6.80000000 inf 
6.84000000 inf 
6.88000000 inf 
6.92000000 inf 
6.96000000 inf 
7.00000000 inf 
7.04000000 inf 
7.08000000 inf 
7.12000000 inf 
7.16000000 inf 
7.20000000 inf 
7.24000000 inf 
7.28000000 inf 
7.32000000 inf 
7.36000000 inf 
7.40000000 inf 
7.44000000 inf 
7.48000000 inf 
7.52000000 inf 
7.56000000 inf 
7.60000000 inf 
7.64000000 inf 
7.68000000 inf 
7.72000000 inf 
7.76000000 inf 
7.80000000 inf 
7.84000000 inf 
7.88000000 inf 
7.92000000 inf 
7.96000000 inf 
8.00000000 inf 
8.04000000 inf 
8.08000000 inf 
8.12000000 inf 
8.16000000 inf 
8.20000000 inf 
8.24000000 inf 
8.28000000 inf 
8.32000000 inf 
8.36000000 inf 
8.40000000 inf 
8.44000000 inf 
8.48000000 inf 
8.52000000 inf 
8.56000000 inf 
8.60000000 inf 
8.64000000 inf 
8.68000000 inf 
8.72000000 inf 
8.76000000 inf 
8.80000000 inf 
8.84000000 inf 
8.88000000 inf 
8.92000000 inf 
8.96000000 inf 
9.00000000 inf 
9.04000000 inf 
9.08000000 inf 
9.12000000 inf 
9.16000000 inf 
9.20000000 inf 
9.24000000 inf 
9.28000000 inf 
9.32000000 inf 
9.36000000 inf 
9.40000000 inf 
9.44000000 inf 
9.48000000 inf 
9.52000000 inf 
9.56000000 inf 
9.60000000 inf 
9.64000000 inf 
9.68000000 inf 
9.72000000 inf 
9.76000000 inf 
9.80000000 inf 
9.84000000 inf 
9.88000000 inf 
9.92000000 inf 
9.96000000 inf 
10.00000000 inf 
10.04000000 inf 
10.08000000 inf 
10.12000000 inf 
10.16000000 inf 
10.20000000 inf 
10.24000000 inf 
10.28000000 inf 
10.32000000 inf 
10.36000000 inf 
10.40000000 inf 
10.44000000 inf 
10.48000000 inf 
10.52000000 inf 
10.56000000 inf 
10.60000000 inf 
10.64000000 inf 
10.68000000 inf 
10.72000000 inf 
10.76000000 inf 
10.80000000 inf 
10.84000000 inf 
10.88000000 inf 
10.92000000 inf 
10.96000000 inf 
11.00000000 inf 
11.04000000 inf 
11.08000000 inf 
11.12000000 inf 
11.16000000 inf 
11.20000000 inf 
11.24000000 inf 
11.28000000 inf 
11.32000000 inf 
11.36000000 inf 
11.40000000 inf 
11.44000000 inf 
11.48000000 inf 
11.52000000 inf 
11.56000000 inf 
11.60000000 inf 
11.64000000 inf 
11.68000000 inf 
11.72000000 inf 
11.76000000 inf 
11.80000000 inf 
11.84000000 inf 
11.88000000 inf 
11.92000000 inf 
11.96000000 inf 
12.00000000 inf 
12.04000000 inf 
12.08000000 inf 
12.12000000 inf 
12.16000000 inf 
12.20000000 inf 
12.24000000 inf 
12.28000000 inf 
12.32000000 inf 
12.36000000 inf 
12.40000000 inf 
12.44000000 inf 
12.48000000 inf 
12.52000000 inf 
12.56000000 inf 
12.60000000 inf 
12.64000000 inf 
12.68000000 inf 
12.72000000 inf 
12.76000000 inf 
12.80000000 inf 
12.84000000 inf 
12.88000000 inf 
12.92000000 inf 
12.96000000 inf 
13.00000000 inf 
13.04000000 inf 
13.08000000 inf 
13.12000000 inf 
13.16000000 inf 
13.20000000 inf 
13.24000000 inf 
13.28000000 inf 
13.32000000 inf 
13.36000000 inf 
13.40000000 inf 
13.44000000 inf 
13.48000000 inf 
13.52000000 inf 
13.56000000 inf 
13.60000000 inf 
13.64000000 inf 
13.68000000 inf 
13.72000000 inf 
13.76000000 inf 
13.80000000 inf 
13.84000000 inf 
13.88000000 inf 
13.92000000 inf 
13.96000000 inf 
14.00000000 inf 
14.04000000 inf 
14.08000000 inf 
14.12000000 inf 
14.16000000 inf 
14.20000000 inf 
14.24000000 inf 
14.28000000 inf 
14.32000000 inf 
14.36000000 inf 
14.40000000 inf 
14.44000000 inf 
14.48000000 inf 
14.52000000 inf 
14.56000000 inf 
14.60000000 inf 
14.64000000 inf 
14.68000000 inf 
14.72000000 inf 
14.76000000 inf 
14.80000000 inf 
14.84000000 inf 
14.88000000 inf 
14.92000000 inf 
14.96000000 inf 
15.00000000 inf 
15.04000000 inf 
15.08000000 inf 
15.12000000 inf 
15.16000000 inf 
15.20000000 inf 
15.24000000 inf 
15.28000000 inf 
15.32000000 inf 
15.36000000 inf 
15.40000000 inf 
15.44000000 inf 
15.48000000 inf 
15.52000000 inf 
15.56000000 inf 
15.60000000 inf 
15.64000000 inf 
15.68000000 inf 
15.72000000 inf 
15.76000000 inf 
15.80000000 inf 
15.84000000 inf 
15.88000000 inf 
15.92000000 inf 
15.96000000 inf 
16.00000000 inf 
16.04000000 inf 
16.08000000 inf 
16.12000000 inf 
16.16000000 inf 
16.20000000 inf 
16.24000000 inf 
16.28000000 inf 
16.32000000 inf 
16.36000000 inf 
16.40000000 inf 
16.44000000 inf 
16.48000000 inf 
16.52000000 inf 
16.56000000 inf 
16.60000000 inf 
16.64000000 inf 
16.68000000 inf 
16.72000000 inf 
16.76000000 inf 
16.80000000 inf 
16.84000000 inf 
16.88000000 inf 
16.92000000 inf 
16.96000000 inf 
17.00000000 inf 
17.04000000 inf 
17.08000000 inf 
17.12000000 inf 
17.16000000 inf 
17.20000000 inf 
17.24000000 inf 
17.28000000 inf 
17.32000000 inf 
17.36000000 inf 
17.40000000 inf 
17.44000000 inf 
17.48000000 inf 
17.52000000 inf 
17.56000000 inf 
17.60000000 inf 
17.64000000 inf 
17.68000000 inf 
17.72000000 inf 
17.76000000 inf 
17.80000000 inf 
17.84000000 inf 
17.88000000 inf 
17.92000000 inf 
17.96000000 inf 
18.00000000 inf 
18.04000000 inf 
18.08000000 inf 
18.12000000 inf 
18.16000000 inf 
18.20000000 inf 
18.24000000 inf 
18.28000000 inf 
18.32000000 inf 
18.36000000 inf 
18.40000000 inf 
18.44000000 inf 
18.48000000 inf 
18.52000000 inf 
18.56000000 inf 
18.60000000 inf 
18.64000000 inf 
18.68000000 inf 
18.72000000 inf 
18.76000000 inf 
18.80000000 inf 
18.84000000 inf 
18.88000000 inf 
18.92000000 inf 
18.96000000 inf 
19.00000000 inf 
19.04000000 inf 
19.08000000 inf 
19.12000000 inf 
19.16000000 inf 
19.20000000 inf 
19.24000000 inf 
19.28000000 inf 
19.32000000 inf 
19.36000000 inf 
19.40000000 inf 
19.44000000 inf 
19.48000000 inf 
19.52000000 inf 
19.56000000 inf 
19.60000000 inf 
19.64000000 inf 
19.68000000 inf 
19.72000000 inf 
19.76000000 inf 
19.80000000 inf 
19.84000000 inf 
19.88000000 inf 
19.92000000 inf 
19.96000000 inf 
20.00000000 inf 
20.04000000 inf 
20.08000000 inf 
20.12000000 inf 
20.16000000 inf 
20.20000000 inf 
20.24000000 inf 
20.28000000 inf 
20.32000000 inf 
20.36000000 inf 
20.40000000 inf 
20.44000000 inf 
20.48000000 inf 
20.52000000 inf 
20.56000000 inf 
20.60000000 inf 
20.64000000 inf 
20.68000000 inf 
20.72000000 inf 
20.76000000 inf 
20.80000000 inf 
20.84000000 inf 
20.88000000 inf 
20.92000000 inf 
20.96000000 inf 
21.00000000 inf 
21.04000000 inf 
21.08000000 inf 
21.12000000 inf 
21.16000000 inf 
21.20000000 inf 
21.24000000 inf 
21.28000000 inf 
21.32000000 inf 
21.36000000 inf 
21.40000000 inf 
21.44000000 inf 
21.48000000 inf 
21.52000000 inf 
21.56000000 inf 
21.60000000 inf 
21.64000000 inf 
21.68000000 inf 
21.72000000 inf 
21.76000000 inf 
21.80000000 inf 
21.84000000 inf 
21.88000000 inf 
21.92000000 inf 
21.96000000 inf 
22.00000000 inf 
22.04000000 inf 
22.08000000 inf 
22.12000000 inf 
22.16000000 inf 
22.20000000 inf 
22.24000000 inf 
22.28000000 inf 
22.32000000 inf 
22.36000000 inf 
22.40000000 inf 
22.44000000 inf 
22.48000000 inf 
22.52000000 inf 
22.56000000 inf 
22.60000000 inf 
22.64000000 inf 
22.68000000 inf 
22.72000000 inf 
22.76000000 inf 
22.80000000 inf 
22.84000000 inf 
22.88000000 inf 
22.92000000 inf 
22.96000000 inf 
23.00000000 inf 
23.04000000 inf 
23.08000000 inf 
23.12000000 inf 
23.16000000 inf 
23.20000000 inf 
23.24000000 inf 
23.28000000 inf 
23.32000000 inf 
23.36000000 inf 
23.40000000 inf 
23.44000000 inf 
23.48000000 inf 
23.52000000 inf 
23.56000000 inf 
23.60000000 inf 
23.64000000 inf 
23.68000000 inf 
23.72000000 inf 
23.76000000 inf 
23.80000000 inf 
23.84000000 inf 
23.88000000 inf 
23.92000000 inf 
23.96000000 inf 
24.00000000 inf 
24.04000000 inf 
24.08000000 inf 
24.12000000 inf 
24.16000000 inf 
24.20000000 inf 
24.24000000 inf 
24.28000000 inf 
24.32000000 inf 
24.36000000 inf 
24.40000000 inf 
24.44000000 inf 
24.48000000 inf 
24.52000000 inf 
24.56000000 inf 
24.60000000 inf 
24.64000000 inf 
24.68000000 inf 
24.72000000 inf 
24.76000000 inf 
24.80000000 inf 
24.84000000 inf 
24.88000000 inf 
24.92000000 inf 
24.96000000 inf 
25.00000000 inf 
25.04000000 inf 
25.08000000 inf 
25.12000000 inf 
25.16000000 inf 
25.20000000 inf 
25.24000000 inf 
25.28000000 inf 
25.32000000 inf 
25.36000000 inf 
25.40000000 inf 
25.44000000 inf 
25.48000000 inf 
25.52000000 inf 
25.56000000 inf 
25.60000000 inf 
25.64000000 inf 
25.68000000 inf 
25.72000000 inf 
25.76000000 inf 
25.80000000 inf 
25.84000000 inf 
25.88000000 inf 
25.92000000 inf 
25.96000000 inf 
26.00000000 inf 
26.04000000 inf 
26.08000000 inf 
26.12000000 inf 
26.16000000 inf 
26.20000000 inf 
26.24000000 inf 
26.28000000 inf 
26.32000000 inf 
26.36000000 inf 
26.40000000 inf 
26.44000000 inf 
26.48000000 inf 
26.52000000 inf 
26.56000000 inf 
26.60000000 inf 
26.64000000 inf 
26.68000000 inf 
26.72000000 inf 
26.76000000 inf 
26.80000000 inf 
26.84000000 inf 
26.88000000 inf 
26.92000000 inf 
26.96000000 inf 
27.00000000 inf 
27.04000000 inf 
27.08000000 inf 
27.12000000 inf 
27.16000000 inf 
27.20000000 inf 
27.24000000 inf 
27.28000000 inf 
27.32000000 inf 
27.36000000 inf 
27.40000000 inf 
27.44000000 inf 
27.48000000 inf 
27.52000000 inf 
27.56000000 inf 
27.60000000 inf 
27.64000000 inf 
27.68000000 inf 
27.72000000 inf 
27.76000000 inf 
27.80000000 inf 
27.84000000 inf 
27.88000000 inf 
27.92000000 inf 
27.96000000 inf 
28.00000000 inf 
28.04000000 inf 
28.08000000 inf 
28.12000000 inf 
28.16000000 inf 
28.20000000 inf 
28.24000000 inf 
28.28000000 inf 
28.32000000 inf 
28.36000000 inf 
28.40000000 inf 
28.44000000 inf 
28.48000000 inf 
28.52000000 inf 
28.56000000 inf 
28.60000000 inf 
28.64000000 inf 
28.68000000 inf 
28.72000000 inf 
28.76000000 inf 
28.80000000 inf 
28.84000000 inf 
28.88000000 inf 
28.92000000 inf 
28.96000000 inf 
29.00000000 inf 
29.04000000 inf 
29.08000000 inf 
29.12000000 inf 
29.16000000 inf 
29.20000000 inf 
29.24000000 inf 
29.28000000 inf 
29.32000000 inf 
29.36000000 inf 
29.40000000 inf 
29.44000000 inf 
29.48000000 inf 
29.52000000 inf 
29.56000000 inf 
29.60000000 inf 
29.64000000 inf 
29.68000000 inf 
29.72000000 inf 
29.76000000 inf 
29.80000000 inf 
29.84000000 inf 
29.88000000 inf 
29.92000000 inf 
29.96000000 inf 
30.00000000 inf 
30.04000000 inf 
30.08000000 inf 
30.12000000 inf 
30.16000000 inf 
30.20000000 inf 
30.24000000 inf 
30.28000000 inf 
30.32000000 inf 
30.36000000 inf 
30.40000000 inf 
30.44000000 inf 
30.48000000 inf 
30.52000000 inf 
30.56000000 inf 
30.60000000 inf 
30.64000000 inf 
30.68000000 inf 
30.72000000 inf 
30.76000000 inf 
30.80000000 inf 
30.84000000 inf 
30.88000000 inf 
30.92000000 inf 
30.96000000 inf 
31.00000000 inf 
31.04000000 inf 
31.08000000 inf 
31.12000000 inf 
31.16000000 inf 
31.20000000 inf 
31.24000000 inf 
31.28000000 inf 
31.32000000 inf 
31.36000000 inf 
31.40000000 inf 
31.44000000 inf 
31.48000000 inf 
31.52000000 inf 
31.56000000 inf 
31.60000000 inf 
31.64000000 inf 
31.68000000 inf 
31.72000000 inf 
31.76000000 inf 
31.80000000 inf 
31.84000000 inf 
31.88000000 inf 
31.92000000 inf 
31.96000000 inf 
32.00000000 inf 
32.04000000 inf 
32.08000000 inf 
32.12000000 inf 
32.16000000 inf 
32.20000000 inf 
32.24000000 inf 
32.28000000 inf 
32.32000000 inf 
32.36000000 inf 
32.40000000 inf 
32.44000000 inf 
32.48000000 inf 
32.52000000 inf 
32.56000000 inf 
32.60000000 inf 
32.64000000 inf 
32.68000000 inf 
32.72000000 inf 
32.76000000 inf 
32.80000000 inf 
32.84000000 inf 
32.88000000 inf 
32.92000000 inf 
32.96000000 inf 
33.00000000 inf 
33.04000000 inf 
33.08000000 inf 
33.12000000 inf 
33.16000000 inf 
33.20000000 inf 
33.24000000 inf 
33.28000000 inf 
33.32000000 inf 
33.36000000 inf 
33.40000000 inf 
33.44000000 inf 
33.48000000 inf 
33.52000000 inf 
33.56000000 inf 
33.60000000 inf 
33.64000000 inf 
33.68000000 inf 
33.72000000 inf 
33.76000000 inf 
33.80000000 inf 
33.84000000 inf 
33.88000000 inf 
33.92000000 inf 
33.96000000 inf 
34.00000000 inf 
34.04000000 inf 
34.08000000 inf 
34.12000000 inf 
34.16000000 inf 
34.20000000 inf 
34.24000000 inf 
34.28000000 inf 
34.32000000 inf 
34.36000000 inf 
34.40000000 inf 
34.44000000 inf 
34.48000000 inf 
34.52000000 inf 
34.56000000 inf 
34.60000000 inf 
34.64000000 inf 
34.68000000 inf 
34.72000000 inf 
34.76000000 inf 
34.80000000 inf 
34.84000000 inf 
34.88000000 inf 
34.92000000 inf 
34.96000000 inf 
35.00000000 inf 
35.04000000 inf 
35.08000000 inf 
35.12000000 inf 
35.16000000 inf 
35.20000000 inf 
35.24000000 inf 
35.28000000 inf 
35.32000000 inf 
35.36000000 inf 
35.40000000 inf 
35.44000000 inf 
35.48000000 inf 
35.52000000 inf 
35.56000000 inf 
35.60000000 inf 
35.64000000 inf 
35.68000000 inf 
35.72000000 inf 
35.76000000 inf 
35.80000000 inf 
35.84000000 inf 
35.88000000 inf 
35.92000000 inf 
35.96000000 inf 
36.00000000 inf 
36.04000000 inf 
36.08000000 inf 
36.12000000 inf 
36.16000000 inf 
36.20000000 inf 
36.24000000 inf 
36.28000000 inf 
36.32000000 inf 
36.36000000 inf 
36.40000000 inf 
36.44000000 inf 
36.48000000 inf 
36.52000000 inf 
36.56000000 inf 
36.60000000 inf 
36.64000000 inf 
36.68000000 inf 
36.72000000 inf 
36.76000000 inf 
36.80000000 inf 
36.84000000 inf 
36.88000000 inf 
36.92000000 inf 
36.96000000 inf 
37.00000000 inf 
37.04000000 inf 
37.08000000 inf 
37.12000000 inf 
37.16000000 inf 
37.20000000 inf 
37.24000000 inf 
37.28000000 inf 
37.32000000 inf 
37.36000000 inf 
37.40000000 inf 
37.44000000 inf 
37.48000000 inf 
37.52000000 inf 
37.56000000 inf 
37.60000000 inf 
37.64000000 inf 
37.68000000 inf 
37.72000000 inf 
37.76000000 inf 
37.80000000 inf 
37.84000000 inf 
37.88000000 inf 
37.92000000 inf 
37.96000000 inf 
38.00000000 inf 
38.04000000 inf 
38.08000000 inf 
38.12000000 inf 
38.16000000 inf 
38.20000000 inf 
38.24000000 inf 
38.28000000 inf 
38.32000000 inf 
38.36000000 inf 
38.40000000 inf 
38.44000000 inf 
38.48000000 inf 
38.52000000 inf 
38.56000000 inf 
38.60000000 inf 
38.64000000 inf 
38.68000000 inf 
38.72000000 inf 
38.76000000 inf 
38.80000000 inf 
38.84000000 inf 
38.88000000 inf 
38.92000000 inf 
38.96000000 inf 
39.00000000 inf 
39.04000000 inf 
39.08000000 inf 
39.12000000 inf 
39.16000000 inf 
39.20000000 inf 
39.24000000 inf 
39.28000000 inf 
39.32000000 inf 
39.36000000 inf 
39.40000000 inf 
39.44000000 inf 
39.48000000 inf 
39.52000000 inf 
39.56000000 inf 
39.60000000 inf 
39.64000000 inf 
39.68000000 inf 
39.72000000 inf 
39.76000000 inf 
39.80000000 inf 
39.84000000 inf 
39.88000000 inf 
39.92000000 inf 
39.96000000 inf 
40.00000000 inf 
40.04000000 inf 
40.08000000 inf 
40.12000000 inf 
40.16000000 inf 
40.20000000 inf 
40.24000000 inf 
40.28000000 inf 
40.32000000 inf 
40.36000000 inf 
40.40000000 inf 
40.44000000 inf 
40.48000000 inf 
40.52000000 inf 
40.56000000 inf 
40.60000000 inf 
40.64000000 inf 
40.68000000 inf 
40.72000000 inf 
40.76000000 inf 
40.80000000 inf 
40.84000000 inf 
40.88000000 inf 
40.92000000 inf 
40.96000000 inf 
41.00000000 inf 
41.04000000 inf 
41.08000000 inf 
41.12000000 inf 
41.16000000 inf 
41.20000000 inf 
41.24000000 inf 
41.28000000 inf 
41.32000000 inf 
41.36000000 inf 
41.40000000 inf 
41.44000000 inf 
41.48000000 inf 
41.52000000 inf 
41.56000000 inf 
41.60000000 inf 
41.64000000 inf 
41.68000000 inf 
41.72000000 inf 
41.76000000 inf 
41.80000000 inf 
41.84000000 inf 
41.88000000 inf 
41.92000000 inf 
41.96000000 inf 
42.00000000 inf 
42.04000000 inf 
42.08000000 inf 
42.12000000 inf 
42.16000000 inf 
42.20000000 inf 
42.24000000 inf 
42.28000000 inf 
42.32000000 inf 
42.36000000 inf 
42.40000000 inf 
42.44000000 inf 
42.48000000 inf 
42.52000000 inf 
42.56000000 inf 
42.60000000 inf 
42.64000000 inf 
42.68000000 inf 
42.72000000 inf 
42.76000000 inf 
42.80000000 inf 
42.84000000 inf 
42.88000000 inf 
42.92000000 inf 
42.96000000 inf 
43.00000000 inf 
43.04000000 inf 
43.08000000 inf 
43.12000000 inf 
43.16000000 inf 
43.20000000 inf 
43.24000000 inf 
43.28000000 inf 
43.32000000 inf 
43.36000000 inf 
43.40000000 inf 
43.44000000 inf 
43.48000000 inf 
43.52000000 inf 
43.56000000 inf 
43.60000000 inf 
43.64000000 inf 
43.68000000 inf 
43.72000000 inf 
43.76000000 inf 
43.80000000 inf 
43.84000000 inf 
43.88000000 inf 
43.92000000 inf 
43.96000000 inf 
44.00000000 inf 
44.04000000 inf 
44.08000000 inf 
44.12000000 inf 
44.16000000 inf 
44.20000000 inf 
44.24000000 inf 
44.28000000 inf 
44.32000000 inf 
44.36000000 inf 
44.40000000 inf 
44.44000000 inf 
44.48000000 inf 
44.52000000 inf 
44.56000000 inf 
44.60000000 inf 
44.64000000 inf 
44.68000000 inf 
44.72000000 inf 
44.76000000 inf 
44.80000000 inf 
44.84000000 inf 
44.88000000 inf 
44.92000000 inf 
44.96000000 inf 
45.00000000 inf 
45.04000000 inf 
45.08000000 inf 
45.12000000 inf 
45.16000000 inf 
45.20000000 inf 
45.24000000 inf 
45.28000000 inf 
45.32000000 inf 
45.36000000 inf 
45.40000000 inf 
45.44000000 inf 
45.48000000 inf 
45.52000000 inf 
45.56000000 inf 
45.60000000 inf 
45.64000000 inf 
45.68000000 inf 
45.72000000 inf 
45.76000000 inf 
45.80000000 inf 
45.84000000 inf 
45.88000000 inf 
45.92000000 inf 
45.96000000 inf 
46.00000000 inf 
46.04000000 inf 
46.08000000 inf 
46.12000000 inf 
46.16000000 inf 
46.20000000 inf 
46.24000000 inf 
46.28000000 inf 
46.32000000 inf 
46.36000000 inf 
46.40000000 inf 
46.44000000 inf 
46.48000000 inf 
46.52000000 inf 
46.56000000 inf 
46.60000000 inf 
46.64000000 inf 
46.68000000 inf 
46.72000000 inf 
46.76000000 inf 
46.80000000 inf 
46.84000000 inf 
46.88000000 inf 
46.92000000 inf 
46.96000000 inf 
47.00000000 inf 
47.04000000 inf 
47.08000000 inf 
47.12000000 inf 
47.16000000 inf 
47.20000000 inf 
47.24000000 inf 
47.28000000 inf 
47.32000000 inf 
47.36000000 inf 
47.40000000 inf 
47.44000000 inf 
47.48000000 inf 
47.52000000 inf 
47.56000000 inf 
47.60000000 inf 
47.64000000 inf 
47.68000000 inf 
47.72000000 inf 
47.76000000 inf 
47.80000000 inf 
47.84000000 inf 
47.88000000 inf 
47.92000000 inf 
47.96000000 inf 
48.00000000 inf 
48.04000000 inf 
48.08000000 inf 
48.12000000 inf 
48.16000000 inf 
48.20000000 inf 
48.24000000 inf 
48.28000000 inf 
48.32000000 inf 
48.36000000 inf 
48.40000000 inf 
48.44000000 inf 
48.48000000 inf 
48.52000000 inf 
48.56000000 inf 
48.60000000 inf 
48.64000000 inf 
48.68000000 inf 
48.72000000 inf 
48.76000000 inf 
48.80000000 inf 
48.84000000 inf 
48.88000000 inf 
48.92000000 inf 
48.96000000 inf 
49.00000000 inf 
49.04000000 inf 
49.08000000 inf 
49.12000000 inf 
49.16000000 inf 
49.20000000 inf 
49.24000000 inf 
49.28000000 inf 
49.32000000 inf 
49.36000000 inf 
49.40000000 inf 
49.44000000 inf 
49.48000000 inf 
49.52000000 inf 
49.56000000 inf 
49.60000000 inf 
49.64000000 inf 
49.68000000 inf 
49.72000000 inf 
49.76000000 inf 
49.80000000 inf 
49.84000000 inf 
49.88000000 inf 
49.92000000 inf 
49.96000000 inf 
50.00000000 inf 
50.04000000 inf 
50.08000000 inf 
50.12000000 inf 
50.16000000 inf 
50.20000000 inf 
50.24000000 inf 
50.28000000 inf 
50.32000000 inf 
50.36000000 inf 
50.40000000 inf 
50.44000000 inf 
50.48000000 inf 
50.52000000 inf 
50.56000000 inf 
50.60000000 inf 
50.64000000 inf 
50.68000000 inf 
50.72000000 inf 
50.76000000 inf 
50.80000000 inf 
50.84000000 inf 
50.88000000 inf 
50.92000000 inf 
50.96000000 inf 
51.00000000 inf 
51.04000000 inf 
51.08000000 inf 
51.12000000 inf 
51.16000000 inf 
51.20000000 inf 
51.24000000 inf 
51.28000000 inf 
51.32000000 inf 
51.36000000 inf 
51.40000000 inf 
51.44000000 inf 
51.48000000 inf 
51.52000000 inf 
51.56000000 inf 
51.60000000 inf 
51.64000000 inf 
51.68000000 inf 
51.72000000 inf 
51.76000000 inf 
51.80000000 inf 
51.84000000 inf 
51.88000000 inf 
51.92000000 inf 
51.96000000 inf 
52.00000000 inf 
52.04000000 inf 
52.08000000 inf 
52.12000000 inf 
52.16000000 inf 
52.20000000 inf 
52.24000000 inf 
52.28000000 inf 
52.32000000 inf 
52.36000000 inf 
52.40000000 inf 
52.44000000 inf 
52.48000000 inf 
52.52000000 inf 
52.56000000 inf 
52.60000000 inf 
52.64000000 inf 
52.68000000 inf 
52.72000000 inf 
52.76000000 inf 
52.80000000 inf 
52.84000000 inf 
52.88000000 inf 
52.92000000 inf 
52.96000000 inf 
53.00000000 inf 
53.04000000 inf 
53.08000000 inf 
53.12000000 inf 
53.16000000 inf 
53.20000000 inf 
53.24000000 inf 
53.28000000 inf 
53.32000000 inf 
53.36000000 inf 
53.40000000 inf 
53.44000000 inf 
53.48000000 inf 
53.52000000 inf 
53.56000000 inf 
53.60000000 inf 
53.64000000 inf 
53.68000000 inf 
53.72000000 inf 
53.76000000 inf 
53.80000000 inf 
53.84000000 inf 
53.88000000 inf 
53.92000000 inf 
53.96000000 inf 
54.00000000 inf 
54.04000000 inf 
54.08000000 inf 
54.12000000 inf 
54.16000000 inf 
54.20000000 inf 
54.24000000 inf 
54.28000000 inf 
54.32000000 inf 
54.36000000 inf 
54.40000000 inf 
54.44000000 inf 
54.48000000 inf 
54.52000000 inf 
54.56000000 inf 
54.60000000 inf 
54.64000000 inf 
54.68000000 inf 
54.72000000 inf 
54.76000000 inf 
54.80000000 inf 
54.84000000 inf 
54.88000000 inf 
54.92000000 inf 
54.96000000 inf 
55.00000000 inf 
55.04000000 inf 
55.08000000 inf 
55.12000000 inf 
55.16000000 inf 
55.20000000 inf 
55.24000000 inf 
55.28000000 inf 
55.32000000 inf 
55.36000000 inf 
55.40000000 inf 
55.44000000 inf 
55.48000000 inf 
55.52000000 inf 
55.56000000 inf 
55.60000000 inf 
55.64000000 inf 
55.68000000 inf 
55.72000000 inf 
55.76000000 inf 
55.80000000 inf 
55.84000000 inf 
55.88000000 inf 
55.92000000 inf 
55.96000000 inf 
56.00000000 inf 
56.04000000 inf 
56.08000000 inf 
56.12000000 inf 
56.16000000 inf 
56.20000000 inf 
56.24000000 inf 
56.28000000 inf 
56.32000000 inf 
56.36000000 inf 
56.40000000 inf 
56.44000000 inf 
56.48000000 inf 
56.52000000 inf 
56.56000000 inf 
56.60000000 inf 
56.64000000 inf 
56.68000000 inf 
56.72000000 inf 
56.76000000 inf 
56.80000000 inf 
56.84000000 inf 
56.88000000 inf 
56.92000000 inf 
56.96000000 inf 
57.00000000 inf 
57.04000000 inf 
57.08000000 inf 
57.12000000 inf 
57.16000000 inf 
57.20000000 inf 
57.24000000 inf 
57.28000000 inf 
57.32000000 inf 
57.36000000 inf 
57.40000000 inf 
57.44000000 inf 
57.48000000 inf 
57.52000000 inf 
57.56000000 inf 
57.60000000 inf 
57.64000000 inf 
57.68000000 inf 
57.72000000 inf 
57.76000000 inf 
57.80000000 inf 
57.84000000 inf 
57.88000000 inf 
57.92000000 inf 
57.96000000 inf 
58.00000000 inf 
58.04000000 inf 
58.08000000 inf 
58.12000000 inf 
58.16000000 inf 
58.20000000 inf 
58.24000000 inf 
58.28000000 inf 
58.32000000 inf 
58.36000000 inf 
58.40000000 inf 
58.44000000 inf 
58.48000000 inf 
58.52000000 inf 
58.56000000 inf 
58.60000000 inf 
58.64000000 inf 
58.68000000 inf 
58.72000000 inf 
58.76000000 inf 
58.80000000 inf 
58.84000000 inf 
58.88000000 inf 
58.92000000 inf 
58.96000000 inf 
59.00000000 inf 
59.04000000 inf 
59.08000000 inf 
59.12000000 inf 
59.16000000 inf 
59.20000000 inf 
59.24000000 inf 
59.28000000 inf 
59.32000000 inf 
59.36000000 inf 
59.40000000 inf 
59.44000000 inf 
59.48000000 inf 
59.52000000 inf 
59.56000000 inf 
59.60000000 inf 
59.64000000 inf 
59.68000000 inf 
59.72000000 inf 
59.76000000 inf 
59.80000000 inf 
59.84000000 inf 
59.88000000 inf 
59.92000000 inf 
59.96000000 inf 
60.00000000 inf 
60.04000000 inf 
60.08000000 inf 
60.12000000 inf 
60.16000000 inf 
60.20000000 inf 
60.24000000 inf 
60.28000000 inf 
60.32000000 inf 
60.36000000 inf 
60.40000000 inf 
60.44000000 inf 
60.48000000 inf 
60.52000000 inf 
60.56000000 inf 
60.60000000 inf 
60.64000000 inf 
60.68000000 inf 
60.72000000 inf 
60.76000000 inf 
60.80000000 inf 
60.84000000 inf 
60.88000000 inf 
60.92000000 inf 
60.96000000 inf 
61.00000000 inf 
61.04000000 inf 
61.08000000 inf 
61.12000000 inf 
61.16000000 inf 
61.20000000 inf 
61.24000000 inf 
61.28000000 inf 
61.32000000 inf 
61.36000000 inf 
61.40000000 inf 
61.44000000 inf 
61.48000000 inf 
61.52000000 inf 
61.56000000 inf 
61.60000000 inf 
61.64000000 inf 
61.68000000 inf 
61.72000000 inf 
61.76000000 inf 
61.80000000 inf 
61.84000000 inf 
61.88000000 inf 
61.92000000 inf 
61.96000000 inf 
62.00000000 inf 
62.04000000 inf 
62.08000000 inf 
62.12000000 inf 
62.16000000 inf 
62.20000000 inf 
62.24000000 inf 
62.28000000 inf 
62.32000000 inf 
62.36000000 inf 
62.40000000 inf 
62.44000000 inf 
62.48000000 inf 
62.52000000 inf 
62.56000000 inf 
62.60000000 inf 
62.64000000 inf 
62.68000000 inf 
62.72000000 inf 
62.76000000 inf 
62.80000000 inf 
62.84000000 inf 
62.88000000 inf 
62.92000000 inf 
62.96000000 inf 
63.00000000 inf 
63.04000000 inf 
63.08000000 inf 
63.12000000 inf 
63.16000000 inf 
63.20000000 inf 
63.24000000 inf 
63.28000000 inf 
63.32000000 inf 
63.36000000 inf 
63.40000000 inf 
63.44000000 inf 
63.48000000 inf 
63.52000000 inf 
63.56000000 inf 
63.60000000 inf 
63.64000000 inf 
63.68000000 inf 
63.72000000 inf 
63.76000000 inf 
63.80000000 inf 
63.84000000 inf 
63.88000000 inf 
63.92000000 inf 
63.96000000 inf 
64.00000000 inf 
64.04000000 inf 
64.08000000 inf 
64.12000000 inf 
64.16000000 inf 
64.20000000 inf 
64.24000000 inf 
64.28000000 inf 
64.32000000 inf 
64.36000000 inf 
64.40000000 inf 
64.44000000 inf 
64.48000000 inf 
64.52000000 inf 
64.56000000 inf 
64.60000000 inf 
64.64000000 inf 
64.68000000 inf 
64.72000000 inf 
64.76000000 inf 
64.80000000 inf 
64.84000000 inf 
64.88000000 inf 
64.92000000 inf 
64.96000000 inf 
65.00000000 inf 
65.04000000 inf 
65.08000000 inf 
65.12000000 inf 
65.16000000 inf 
65.20000000 inf 
65.24000000 inf 
65.28000000 inf 
65.32000000 inf 
65.36000000 inf 
65.40000000 inf 
65.44000000 inf 
65.48000000 inf 
65.52000000 inf 
65.56000000 inf 
65.60000000 inf 
65.64000000 inf 
65.68000000 inf 
65.72000000 inf 
65.76000000 inf 
65.80000000 inf 
65.84000000 inf 
65.88000000 inf 
65.92000000 inf 
65.96000000 inf 
66.00000000 inf 
66.04000000 inf 
66.08000000 inf 
66.12000000 inf 
66.16000000 inf 
66.20000000 inf 
66.24000000 inf 
66.28000000 inf 
66.32000000 inf 
66.36000000 inf 
66.40000000 inf 
66.44000000 inf 
66.48000000 inf 
66.52000000 inf 
66.56000000 inf 
66.60000000 inf 
66.64000000 inf 
66.68000000 inf 
66.72000000 inf 
66.76000000 inf 
66.80000000 inf 
66.84000000 inf 
66.88000000 inf 
66.92000000 inf 
66.96000000 inf 
67.00000000 inf 
67.04000000 inf 
67.08000000 inf 
67.12000000 inf 
67.16000000 inf 
67.20000000 inf 
67.24000000 inf 
67.28000000 inf 
67.32000000 inf 
67.36000000 inf 
67.40000000 inf 
67.44000000 inf 
67.48000000 inf 
67.52000000 inf 
67.56000000 inf 
67.60000000 inf 
67.64000000 inf 
67.68000000 inf 
67.72000000 inf 
67.76000000 inf 
67.80000000 inf 
67.84000000 inf 
67.88000000 inf 
67.92000000 inf 
67.96000000 inf 
68.00000000 inf 
68.04000000 inf 
68.08000000 inf 
68.12000000 inf 
68.16000000 inf 
68.20000000 inf 
68.24000000 inf 
68.28000000 inf 
68.32000000 inf 
68.36000000 inf 
68.40000000 inf 
68.44000000 inf 
68.48000000 inf 
68.52000000 inf 
68.56000000 inf 
68.60000000 inf 
68.64000000 inf 
68.68000000 inf 
68.72000000 inf 
68.76000000 inf 
68.80000000 inf 
68.84000000 inf 
68.88000000 inf 
68.92000000 inf 
68.96000000 inf 
69.00000000 inf 
69.04000000 inf 
69.08000000 inf 
69.12000000 inf 
69.16000000 inf 
69.20000000 inf 
69.24000000 inf 
69.28000000 inf 
69.32000000 inf 
69.36000000 inf 
69.40000000 inf 
69.44000000 inf 
69.48000000 inf 
69.52000000 inf 
69.56000000 inf 
69.60000000 inf 
69.64000000 inf 
69.68000000 inf 
69.72000000 inf 
69.76000000 inf 
69.80000000 inf 
69.84000000 inf 
69.88000000 inf 
69.92000000 inf 
69.96000000 inf 
70.00000000 inf 
70.04000000 inf 
70.08000000 inf 
70.12000000 inf 
70.16000000 inf 
70.20000000 inf 
70.24000000 inf 
70.28000000 inf 
70.32000000 inf 
70.36000000 inf 
70.40000000 inf 
70.44000000 inf 
70.48000000 inf 
70.52000000 inf 
70.56000000 inf 
70.60000000 inf 
70.64000000 inf 
70.68000000 inf 
70.72000000 inf 
70.76000000 inf 
70.80000000 inf 
70.84000000 inf 
70.88000000 inf 
70.92000000 inf 
70.96000000 inf 
71.00000000 inf 
71.04000000 inf 
71.08000000 inf 
71.12000000 inf 
71.16000000 inf 
71.20000000 inf 
71.24000000 inf 
71.28000000 inf 
71.32000000 inf 
71.36000000 inf 
71.40000000 inf 
71.44000000 inf 
71.48000000 inf 
71.52000000 inf 
71.56000000 inf 
71.60000000 inf 
71.64000000 inf 
71.68000000 inf 
71.72000000 inf 
71.76000000 inf 
71.80000000 inf 
71.84000000 inf 
71.88000000 inf 
71.92000000 inf 
71.96000000 inf 
72.00000000 inf 
72.04000000 inf 
72.08000000 inf 
72.12000000 inf 
72.16000000 inf 
72.20000000 inf 
72.24000000 inf 
72.28000000 inf 
72.32000000 inf 
72.36000000 inf 
72.40000000 inf 
72.44000000 inf 
72.48000000 inf 
72.52000000 inf 
72.56000000 inf 
72.60000000 inf 
72.64000000 inf 
72.68000000 inf 
72.72000000 inf 
72.76000000 inf 
72.80000000 inf 
72.84000000 inf 
72.88000000 inf 
72.92000000 inf 
72.96000000 inf 
73.00000000 inf 
73.04000000 inf 
73.08000000 inf 
73.12000000 inf 
73.16000000 inf 
73.20000000 inf 
73.24000000 inf 
73.28000000 inf 
73.32000000 inf 
73.36000000 inf 
73.40000000 inf 
73.44000000 inf 
73.48000000 inf 
73.52000000 inf 
73.56000000 inf 
73.60000000 inf 
73.64000000 inf 
73.68000000 inf 
73.72000000 inf 
73.76000000 inf 
73.80000000 inf 
73.84000000 inf 
73.88000000 inf 
73.92000000 inf 
73.96000000 inf 
74.00000000 inf 
74.04000000 inf 
74.08000000 inf 
74.12000000 inf 
74.16000000 inf 
74.20000000 inf 
74.24000000 inf 
74.28000000 inf 
74.32000000 inf 
74.36000000 inf 
74.40000000 inf 
74.44000000 inf 
74.48000000 inf 
74.52000000 inf 
74.56000000 inf 
74.60000000 inf 
74.64000000 inf 
74.68000000 inf 
74.72000000 inf 
74.76000000 inf 
74.80000000 inf 
74.84000000 inf 
74.88000000 inf 
74.92000000 inf 
74.96000000 inf 
75.00000000 inf 
75.04000000 inf 
75.08000000 inf 
75.12000000 inf 
75.16000000 inf 
75.20000000 inf 
75.24000000 inf 
75.28000000 inf 
75.32000000 inf 
75.36000000 inf 
75.40000000 inf 
75.44000000 inf 
75.48000000 inf 
75.52000000 inf 
75.56000000 inf 
75.60000000 inf 
75.64000000 inf 
75.68000000 inf 
75.72000000 inf 
75.76000000 inf 
75.80000000 inf 
75.84000000 inf 
75.88000000 inf 
75.92000000 inf 
75.96000000 inf 
76.00000000 inf 
76.04000000 inf 
76.08000000 inf 
76.12000000 inf 
76.16000000 inf 
76.20000000 inf 
76.24000000 inf 
76.28000000 inf 
76.32000000 inf 
76.36000000 inf 
76.40000000 inf 
76.44000000 inf 
76.48000000 inf 
76.52000000 inf 
76.56000000 inf 
76.60000000 inf 
76.64000000 inf 
76.68000000 inf 
76.72000000 inf 
76.76000000 inf 
76.80000000 inf 
76.84000000 inf 
76.88000000 inf 
76.92000000 inf 
76.96000000 inf 
77.00000000 inf 
77.04000000 inf 
77.08000000 inf 
77.12000000 inf 
77.16000000 inf 
77.20000000 inf 
77.24000000 inf 
77.28000000 inf 
77.32000000 inf 
77.36000000 inf 
77.40000000 inf 
77.44000000 inf 
77.48000000 inf 
77.52000000 inf 
77.56000000 inf 
77.60000000 inf 
77.64000000 inf 
77.68000000 inf 
77.72000000 inf 
77.76000000 inf 
77.80000000 inf 
77.84000000 inf 
77.88000000 inf 
77.92000000 inf 
77.96000000 inf 
78.00000000 inf 
78.04000000 inf 
78.08000000 inf 
78.12000000 inf 
78.16000000 inf 
78.20000000 inf 
78.24000000 inf 
78.28000000 inf 
78.32000000 inf 
78.36000000 inf 
78.40000000 inf 
78.44000000 inf 
78.48000000 inf 
78.52000000 inf 
78.56000000 inf 
78.60000000 inf 
78.64000000 inf 
78.68000000 inf 
78.72000000 inf 
78.76000000 inf 
78.80000000 inf 
78.84000000 inf 
78.88000000 inf 
78.92000000 inf 
78.96000000 inf 
79.00000000 inf 
79.04000000 inf 
79.08000000 inf 
79.12000000 inf 
79.16000000 inf 
79.20000000 inf 
79.24000000 inf 
79.28000000 inf 
79.32000000 inf 
79.36000000 inf 
79.40000000 inf 
79.44000000 inf 
79.48000000 inf 
79.52000000 inf 
79.56000000 inf 
79.60000000 inf 
79.64000000 inf 
79.68000000 inf 
79.72000000 inf 
79.76000000 inf 
79.80000000 inf 
79.84000000 inf 
79.88000000 inf 
79.92000000 inf 
79.96000000 inf 
80.00000000 inf 
80.04000000 inf 
80.08000000 inf 
80.12000000 inf 
80.16000000 inf 
80.20000000 inf 
80.24000000 inf 
80.28000000 inf 
80.32000000 inf 
80.36000000 inf 
80.40000000 inf 
80.44000000 inf 
80.48000000 inf 
80.52000000 inf 
80.56000000 inf 
80.60000000 inf 
80.64000000 inf 
80.68000000 inf 
80.72000000 inf 
80.76000000 inf 
80.80000000 inf 
80.84000000 inf 
80.88000000 inf 
80.92000000 inf 
80.96000000 inf 
81.00000000 inf 
81.04000000 inf 
81.08000000 inf 
81.12000000 inf 
81.16000000 inf 
81.20000000 inf 
81.24000000 inf 
81.28000000 inf 
81.32000000 inf 
81.36000000 inf 
81.40000000 inf 
81.44000000 inf 
81.48000000 inf 
81.52000000 inf 
81.56000000 inf 
81.60000000 inf 
81.64000000 inf 
81.68000000 inf 
81.72000000 inf 
81.76000000 inf 
81.80000000 inf 
81.84000000 inf 
81.88000000 inf 
81.92000000 inf 
81.96000000 inf 
82.00000000 inf 
82.04000000 inf 
82.08000000 inf 
82.12000000 inf 
82.16000000 inf 
82.20000000 inf 
82.24000000 inf 
82.28000000 inf 
82.32000000 inf 
82.36000000 inf 
82.40000000 inf 
82.44000000 inf 
82.48000000 inf 
82.52000000 inf 
82.56000000 inf 
82.60000000 inf 
82.64000000 inf 
82.68000000 inf 
82.72000000 inf 
82.76000000 inf 
82.80000000 inf 
82.84000000 inf 
82.88000000 inf 
82.92000000 inf 
82.96000000 inf 
83.00000000 inf 
83.04000000 inf 
83.08000000 inf 
83.12000000 inf 
83.16000000 inf 
83.20000000 inf 
83.24000000 inf 
83.28000000 inf 
83.32000000 inf 
83.36000000 inf 
83.40000000 inf 
83.44000000 inf 
83.48000000 inf 
83.52000000 inf 
83.56000000 inf 
83.60000000 inf 
83.64000000 inf 
83.68000000 inf 
83.72000000 inf 
83.76000000 inf 
83.80000000 inf 
83.84000000 inf 
83.88000000 inf 
83.92000000 inf 
83.96000000 inf 
84.00000000 inf 
84.04000000 inf 
84.08000000 inf 
84.12000000 inf 
84.16000000 inf 
84.20000000 inf 
84.24000000 inf 
84.28000000 inf 
84.32000000 inf 
84.36000000 inf 
84.40000000 inf 
84.44000000 inf 
84.48000000 inf 
84.52000000 inf 
84.56000000 inf 
84.60000000 inf 
84.64000000 inf 
84.68000000 inf 
84.72000000 inf 
84.76000000 inf 
84.80000000 inf 
84.84000000 inf 
84.88000000 inf 
84.92000000 inf 
84.96000000 inf 
85.00000000 inf 
85.04000000 inf 
85.08000000 inf 
85.12000000 inf 
85.16000000 inf 
85.20000000 inf 
85.24000000 inf 
85.28000000 inf 
85.32000000 inf 
85.36000000 inf 
85.40000000 inf 
85.44000000 inf 
85.48000000 inf 
85.52000000 inf 
85.56000000 inf 
85.60000000 inf 
85.64000000 inf 
85.68000000 inf 
85.72000000 inf 
85.76000000 inf 
85.80000000 inf 
85.84000000 inf 
85.88000000 inf 
85.92000000 inf 
85.96000000 inf 
86.00000000 inf 
86.04000000 inf 
86.08000000 inf 
86.12000000 inf 
86.16000000 inf 
86.20000000 inf 
86.24000000 inf 
86.28000000 inf 
86.32000000 inf 
86.36000000 inf 
86.40000000 inf 
86.44000000 inf 
86.48000000 inf 
86.52000000 inf 
86.56000000 inf 
86.60000000 inf 
86.64000000 inf 
86.68000000 inf 
86.72000000 inf 
86.76000000 inf 
86.80000000 inf 
86.84000000 inf 
86.88000000 inf 
86.92000000 inf 
86.96000000 inf 
87.00000000 inf 
87.04000000 inf 
87.08000000 inf 
87.12000000 inf 
87.16000000 inf 
87.20000000 inf 
87.24000000 inf 
87.28000000 inf 
87.32000000 inf 
87.36000000 inf 
87.40000000 inf 
87.44000000 inf 
87.48000000 inf 
87.52000000 inf 
87.56000000 inf 
87.60000000 inf 
87.64000000 inf 
87.68000000 inf 
87.72000000 inf 
87.76000000 inf 
87.80000000 inf 
87.84000000 inf 
87.88000000 inf 
87.92000000 inf 
87.96000000 inf 
88.00000000 inf 
88.04000000 inf 
88.08000000 inf 
88.12000000 inf 
88.16000000 inf 
88.20000000 inf 
88.24000000 inf 
88.28000000 inf 
88.32000000 inf 
88.36000000 inf 
88.40000000 inf 
88.44000000 inf 
88.48000000 inf 
88.52000000 inf 
88.56000000 inf 
88.60000000 inf 
88.64000000 inf 
88.68000000 inf 
88.72000000 inf 
88.76000000 inf 
88.80000000 inf 
88.84000000 inf 
88.88000000 inf 
88.92000000 inf 
88.96000000 inf 
89.00000000 inf 
89.04000000 inf 
89.08000000 inf 
89.12000000 inf 
89.16000000 inf 
89.20000000 inf 
89.24000000 inf 
89.28000000 inf 
89.32000000 inf 
89.36000000 inf 
89.40000000 inf 
89.44000000 inf 
89.48000000 inf 
89.52000000 inf 
89.56000000 inf 
89.60000000 inf 
89.64000000 inf 
89.68000000 inf 
89.72000000 inf 
89.76000000 inf 
89.80000000 inf 
89.84000000 inf 
89.88000000 inf 
89.92000000 inf 
89.96000000 inf 
90.00000000 inf 
90.04000000 inf 
90.08000000 inf 
90.12000000 inf 
90.16000000 inf 
90.20000000 inf 
90.24000000 inf 
90.28000000 inf 
90.32000000 inf 
90.36000000 inf 
90.40000000 inf 
90.44000000 inf 
90.48000000 inf 
90.52000000 inf 
90.56000000 inf 
90.60000000 inf 
90.64000000 inf 
90.68000000 inf 
90.72000000 inf 
90.76000000 inf 
90.80000000 inf 
90.84000000 inf 
90.88000000 inf 
90.92000000 inf 
90.96000000 inf 
91.00000000 inf 
91.04000000 inf 
91.08000000 inf 
91.12000000 inf 
91.16000000 inf 
91.20000000 inf 
91.24000000 inf 
91.28000000 inf 
91.32000000 inf 
91.36000000 inf 
91.40000000 inf 
91.44000000 inf 
91.48000000 inf 
91.52000000 inf 
91.56000000 inf 
91.60000000 inf 
91.64000000 inf 
91.68000000 inf 
91.72000000 inf 
91.76000000 inf 
91.80000000 inf 
91.84000000 inf 
91.88000000 inf 
91.92000000 inf 
91.96000000 inf 
92.00000000 inf 
92.04000000 inf 
92.08000000 inf 
92.12000000 inf 
92.16000000 inf 
92.20000000 inf 
92.24000000 inf 
92.28000000 inf 
92.32000000 inf 
92.36000000 inf 
92.40000000 inf 
92.44000000 inf 
92.48000000 inf 
92.52000000 inf 
92.56000000 inf 
92.60000000 inf 
92.64000000 inf 
92.68000000 inf 
92.72000000 inf 
92.76000000 inf 
92.80000000 inf 
92.84000000 inf 
92.88000000 inf 
92.92000000 inf 
92.96000000 inf 
93.00000000 inf 
93.04000000 inf 
93.08000000 inf 
93.12000000 inf 
93.16000000 inf 
93.20000000 inf 
93.24000000 inf 
93.28000000 inf 
93.32000000 inf 
93.36000000 inf 
93.40000000 inf 
93.44000000 inf 
93.48000000 inf 
93.52000000 inf 
93.56000000 inf 
93.60000000 inf 
93.64000000 inf 
93.68000000 inf 
93.72000000 inf 
93.76000000 inf 
93.80000000 inf 
93.84000000 inf 
93.88000000 inf 
93.92000000 inf 
93.96000000 inf 
94.00000000 inf 
94.04000000 inf 
94.08000000 inf 
94.12000000 inf 
94.16000000 inf 
94.20000000 inf 
94.24000000 inf 
94.28000000 inf 
94.32000000 inf 
94.36000000 inf 
94.40000000 inf 
94.44000000 inf 
94.48000000 inf 
94.52000000 inf 
94.56000000 inf 
94.60000000 inf 
94.64000000 inf 
94.68000000 inf 
94.72000000 inf 
94.76000000 inf 
94.80000000 inf 
94.84000000 inf 
94.88000000 inf 
94.92000000 inf 
94.96000000 inf 
95.00000000 inf 
95.04000000 inf 
95.08000000 inf 
95.12000000 inf 
95.16000000 inf 
95.20000000 inf 
95.24000000 inf 
95.28000000 inf 
95.32000000 inf 
95.36000000 inf 
95.40000000 inf 
95.44000000 inf 
95.48000000 inf 
95.52000000 inf 
95.56000000 inf 
95.60000000 inf 
95.64000000 inf 
95.68000000 inf 
95.72000000 inf 
95.76000000 inf 
95.80000000 inf 
95.84000000 inf 
95.88000000 inf 
95.92000000 inf 
95.96000000 inf 
96.00000000 inf 
96.04000000 inf 
96.08000000 inf 
96.12000000 inf 
96.16000000 inf 
96.20000000 inf 
96.24000000 inf 
96.28000000 inf 
96.32000000 inf 
96.36000000 inf 
96.40000000 inf 
96.44000000 inf 
96.48000000 inf 
96.52000000 inf 
96.56000000 inf 
96.60000000 inf 
96.64000000 inf 
96.68000000 inf 
96.72000000 inf 
96.76000000 inf 
96.80000000 inf 
96.84000000 inf 
96.88000000 inf 
96.92000000 inf 
96.96000000 inf 
97.00000000 inf 
97.04000000 inf 
97.08000000 inf 
97.12000000 inf 
97.16000000 inf 
97.20000000 inf 
97.24000000 inf 
97.28000000 inf 
97.32000000 inf 
97.36000000 inf 
97.40000000 inf 
97.44000000 inf 
97.48000000 inf 
97.52000000 inf 
97.56000000 inf 
97.60000000 inf 
97.64000000 inf 
97.68000000 inf 
97.72000000 inf 
97.76000000 inf 
97.80000000 inf 
97.84000000 inf 
97.88000000 inf 
97.92000000 inf 
97.96000000 inf 
98.00000000 inf 
98.04000000 inf 
98.08000000 inf 
98.12000000 inf 
98.16000000 inf 
98.20000000 inf 
98.24000000 inf 
98.28000000 inf 
98.32000000 inf 
98.36000000 inf 
98.40000000 inf 
98.44000000 inf 
98.48000000 inf 
98.52000000 inf 
98.56000000 inf 
98.60000000 inf 
98.64000000 inf 
98.68000000 inf 
98.72000000 inf 
98.76000000 inf 
98.80000000 inf 
98.84000000 inf 
98.88000000 inf 
98.92000000 inf 
98.96000000 inf 
99.00000000 inf 
99.04000000 inf 
99.08000000 inf 
99.12000000 inf 
99.16000000 inf 
99.20000000 inf 
99.24000000 inf 
99.28000000 inf 
99.32000000 inf 
99.36000000 inf 
99.40000000 inf 
99.44000000 inf 
99.48000000 inf 
99.52000000 inf 
99.56000000 inf 
99.60000000 inf 
99.64000000 inf 
99.68000000 inf 
99.72000000 inf 
99.76000000 inf 
99.80000000 inf 
99.84000000 inf 
99.88000000 inf 
99.92000000 inf 
99.96000000 inf 
100.00000000 inf 
