0.00000000 0.50000000 
0.16000000 0.46000000 
0.32000000 0.42025600 
0.48000000 0.38127346 
0.64000000 0.34352882 
0.80000000 0.30744613 
0.96000000 0.27337845 
1.12000000 0.24159562 
1.28000000 0.21227928 
1.44000000 0.18552459 
1.60000000 0.16134775 
1.76000000 0.13969741 
1.92000000 0.12046828 
2.08000000 0.10351537 
2.24000000 0.08866738 
2.40000000 0.07573851 
2.56000000 0.06453816 
2.72000000 0.05487848 
2.88000000 0.04657979 
3.04000000 0.03947417 
3.20000000 0.03340762 
3.36000000 0.02824097 
3.52000000 0.02385002 
3.68000000 0.02012503 
3.84000000 0.01696983 
4.00000000 0.01430073 
4.16000000 0.01204534 
4.32000000 0.01014130 
4.48000000 0.00853514 
4.64000000 0.00718118 
4.80000000 0.00604044 
4.96000000 0.00507981 
5.12000000 0.00427117 
5.28000000 0.00359070 
5.44000000 0.00301825 
5.60000000 0.00253679 
5.76000000 0.00213193 
5.92000000 0.00179155 
6.08000000 0.00150542 
6.24000000 0.00126491 
6.40000000 0.00106278 
6.56000000 0.00089292 
6.72000000 0.00075018 
6.88000000 0.00063024 
7.04000000 0.00052946 
7.20000000 0.00044480 
7.36000000 0.00037366 
7.52000000 0.00031390 
7.68000000 0.00026369 
7.84000000 0.00022151 
8.00000000 0.00018608 
8.16000000 0.00015631 
8.32000000 0.00013130 
8.48000000 0.00011030 
8.64000000 0.00009265 
8.80000000 0.00007783 
8.96000000 0.00006538 
9.12000000 0.00005492 
9.28000000 0.00004613 
9.44000000 0.00003875 
9.60000000 0.00003255 
9.76000000 0.00002734 
9.92000000 0.00002297 
10.08000000 0.00001929 
10.24000000 0.00001621 
10.40000000 0.00001361 
10.56000000 0.00001144 
10.72000000 0.00000961 
10.88000000 0.00000807 
11.04000000 0.00000678 
11.20000000 0.00000569 
11.36000000 0.00000478 
11.52000000 0.00000402 
11.68000000 0.00000337 
11.84000000 0.00000283 
12.00000000 0.00000238 
12.16000000 0.00000200 
12.32000000 0.00000168 
12.48000000 0.00000141 
12.64000000 0.00000119 
12.80000000 0.00000100 
12.96000000 0.00000084 
13.12000000 0.00000070 
13.28000000 0.00000059 
13.44000000 0.00000050 
13.60000000 0.00000042 
13.76000000 0.00000035 
13.92000000 0.00000029 
14.08000000 0.00000025 
14.24000000 0.00000021 
14.40000000 0.00000017 
14.56000000 0.00000015 
14.72000000 0.00000012 
14.88000000 0.00000010 
15.04000000 0.00000009 
15.20000000 0.00000007 
15.36000000 0.00000006 
15.52000000 0.00000005 
15.68000000 0.00000004 
15.84000000 0.00000004 
16.00000000 0.00000003 
16.16000000 0.00000003 
16.32000000 0.00000002 
16.48000000 0.00000002 
16.64000000 0.00000002 
16.80000000 0.00000001 
16.96000000 0.00000001 
17.12000000 0.00000001 
17.28000000 0.00000001 
17.44000000 0.00000001 
17.60000000 0.00000001 
17.76000000 0.00000000 
17.92000000 0.00000000 
18.08000000 0.00000000 
18.24000000 0.00000000 
18.40000000 0.00000000 
18.56000000 0.00000000 
18.72000000 0.00000000 
18.88000000 0.00000000 
19.04000000 0.00000000 
19.20000000 0.00000000 
19.36000000 0.00000000 
19.52000000 0.00000000 
19.68000000 0.00000000 
19.84000000 0.00000000 
20.00000000 0.00000000 
20.16000000 0.00000000 
20.32000000 0.00000000 
20.48000000 0.00000000 
20.64000000 0.00000000 
20.80000000 0.00000000 
20.96000000 0.00000000 
21.12000000 0.00000000 
21.28000000 0.00000000 
21.44000000 0.00000000 
21.60000000 0.00000000 
21.76000000 0.00000000 
21.92000000 0.00000000 
22.08000000 0.00000000 
22.24000000 0.00000000 
22.40000000 0.00000000 
22.56000000 0.00000000 
22.72000000 0.00000000 
22.88000000 0.00000000 
23.04000000 0.00000000 
23.20000000 0.00000000 
23.36000000 0.00000000 
23.52000000 0.00000000 
23.68000000 0.00000000 
23.84000000 0.00000000 
24.00000000 0.00000000 
24.16000000 0.00000000 
24.32000000 0.00000000 
24.48000000 0.00000000 
24.64000000 0.00000000 
24.80000000 0.00000000 
24.96000000 0.00000000 
25.12000000 0.00000000 
25.28000000 0.00000000 
25.44000000 0.00000000 
25.60000000 0.00000000 
25.76000000 0.00000000 
25.92000000 0.00000000 
26.08000000 0.00000000 
26.24000000 0.00000000 
26.40000000 0.00000000 
26.56000000 0.00000000 
26.72000000 0.00000000 
26.88000000 0.00000000 
27.04000000 0.00000000 
27.20000000 0.00000000 
27.36000000 0.00000000 
27.52000000 0.00000000 
27.68000000 0.00000000 
27.84000000 0.00000000 
28.00000000 0.00000000 
28.16000000 0.00000000 
28.32000000 0.00000000 
28.48000000 0.00000000 
28.64000000 0.00000000 
28.80000000 0.00000000 
28.96000000 0.00000000 
29.12000000 0.00000000 
29.28000000 0.00000000 
29.44000000 0.00000000 
29.60000000 0.00000000 
29.76000000 0.00000000 
29.92000000 0.00000000 
30.08000000 0.00000000 
30.24000000 0.00000000 
30.40000000 0.00000000 
30.56000000 0.00000000 
30.72000000 0.00000000 
30.88000000 0.00000000 
31.04000000 0.00000000 
31.20000000 0.00000000 
31.36000000 0.00000000 
31.52000000 0.00000000 
31.68000000 0.00000000 
31.84000000 0.00000000 
32.00000000 0.00000000 
32.16000000 0.00000000 
32.32000000 0.00000000 
32.48000000 0.00000000 
32.64000000 0.00000000 
32.80000000 0.00000000 
32.96000000 0.00000000 
33.12000000 0.00000000 
33.28000000 0.00000000 
33.44000000 0.00000000 
33.60000000 0.00000000 
33.76000000 0.00000000 
33.92000000 0.00000000 
34.08000000 0.00000000 
34.24000000 0.00000000 
34.40000000 0.00000000 
34.56000000 0.00000000 
34.72000000 0.00000000 
34.88000000 0.00000000 
35.04000000 0.00000000 
35.20000000 0.00000000 
35.36000000 0.00000000 
35.52000000 0.00000000 
35.68000000 0.00000000 
35.84000000 0.00000000 
36.00000000 0.00000000 
36.16000000 0.00000000 
36.32000000 0.00000000 
36.48000000 0.00000000 
36.64000000 0.00000000 
36.80000000 0.00000000 
36.96000000 0.00000000 
37.12000000 0.00000000 
37.28000000 0.00000000 
37.44000000 0.00000000 
37.60000000 0.00000000 
37.76000000 0.00000000 
37.92000000 0.00000000 
38.08000000 0.00000000 
38.24000000 0.00000000 
38.40000000 0.00000000 
38.56000000 0.00000000 
38.72000000 0.00000000 
38.88000000 0.00000000 
39.04000000 0.00000000 
39.20000000 0.00000000 
39.36000000 0.00000000 
39.52000000 0.00000000 
39.68000000 0.00000000 
39.84000000 0.00000000 
40.00000000 0.00000000 
40.16000000 0.00000000 
40.32000000 0.00000000 
40.48000000 0.00000000 
40.64000000 0.00000000 
40.80000000 0.00000000 
40.96000000 0.00000000 
41.12000000 0.00000000 
41.28000000 0.00000000 
41.44000000 0.00000000 
41.60000000 0.00000000 
41.76000000 0.00000000 
41.92000000 0.00000000 
42.08000000 0.00000000 
42.24000000 0.00000000 
42.40000000 0.00000000 
42.56000000 0.00000000 
42.72000000 0.00000000 
42.88000000 0.00000000 
43.04000000 0.00000000 
43.20000000 0.00000000 
43.36000000 0.00000000 
43.52000000 0.00000000 
43.68000000 0.00000000 
43.84000000 0.00000000 
44.00000000 0.00000000 
44.16000000 0.00000000 
44.32000000 0.00000000 
44.48000000 0.00000000 
44.64000000 0.00000000 
44.80000000 0.00000000 
44.96000000 0.00000000 
45.12000000 0.00000000 
45.28000000 0.00000000 
45.44000000 0.00000000 
45.60000000 0.00000000 
45.76000000 0.00000000 
45.92000000 0.00000000 
46.08000000 0.00000000 
46.24000000 0.00000000 
46.40000000 0.00000000 
46.56000000 0.00000000 
46.72000000 0.00000000 
46.88000000 0.00000000 
47.04000000 0.00000000 
47.20000000 0.00000000 
47.36000000 0.00000000 
47.52000000 0.00000000 
47.68000000 0.00000000 
47.84000000 0.00000000 
48.00000000 0.00000000 
48.16000000 0.00000000 
48.32000000 0.00000000 
48.48000000 0.00000000 
48.64000000 0.00000000 
48.80000000 0.00000000 
48.96000000 0.00000000 
49.12000000 0.00000000 
49.28000000 0.00000000 
49.44000000 0.00000000 
49.60000000 0.00000000 
49.76000000 0.00000000 
49.92000000 0.00000000 
50.08000000 0.00000000 
50.24000000 0.00000000 
50.40000000 0.00000000 
50.56000000 0.00000000 
50.72000000 0.00000000 
50.88000000 0.00000000 
51.04000000 0.00000000 
51.20000000 0.00000000 
51.36000000 0.00000000 
51.52000000 0.00000000 
51.68000000 0.00000000 
51.84000000 0.00000000 
52.00000000 0.00000000 
52.16000000 0.00000000 
52.32000000 0.00000000 
52.48000000 0.00000000 
52.64000000 0.00000000 
52.80000000 0.00000000 
52.96000000 0.00000000 
53.12000000 0.00000000 
53.28000000 0.00000000 
53.44000000 0.00000000 
53.60000000 0.00000000 
53.76000000 0.00000000 
53.92000000 0.00000000 
54.08000000 0.00000000 
54.24000000 0.00000000 
54.40000000 0.00000000 
54.56000000 0.00000000 
54.72000000 0.00000000 
54.88000000 0.00000000 
55.04000000 0.00000000 
55.20000000 0.00000000 
55.36000000 0.00000000 
55.52000000 0.00000000 
55.68000000 0.00000000 
55.84000000 0.00000000 
56.00000000 0.00000000 
56.16000000 0.00000000 
56.32000000 0.00000000 
56.48000000 0.00000000 
56.64000000 0.00000000 
56.80000000 0.00000000 
56.96000000 0.00000000 
57.12000000 0.00000000 
57.28000000 0.00000000 
57.44000000 0.00000000 
57.60000000 0.00000000 
57.76000000 0.00000000 
57.92000000 0.00000000 
58.08000000 0.00000000 
58.24000000 0.00000000 
58.40000000 0.00000000 
58.56000000 0.00000000 
58.72000000 0.00000000 
58.88000000 0.00000000 
59.04000000 0.00000000 
59.20000000 0.00000000 
59.36000000 0.00000000 
59.52000000 0.00000000 
59.68000000 0.00000000 
59.84000000 0.00000000 
60.00000000 0.00000000 
60.16000000 0.00000000 
60.32000000 0.00000000 
60.48000000 0.00000000 
60.64000000 0.00000000 
60.80000000 0.00000000 
60.96000000 0.00000000 
61.12000000 0.00000000 
61.28000000 0.00000000 
61.44000000 0.00000000 
61.60000000 0.00000000 
61.76000000 0.00000000 
61.92000000 0.00000000 
62.08000000 0.00000000 
62.24000000 0.00000000 
62.40000000 0.00000000 
62.56000000 0.00000000 
62.72000000 0.00000000 
62.88000000 0.00000000 
63.04000000 0.00000000 
63.20000000 0.00000000 
63.36000000 0.00000000 
63.52000000 0.00000000 
63.68000000 0.00000000 
63.84000000 0.00000000 
64.00000000 0.00000000 
64.16000000 0.00000000 
64.32000000 0.00000000 
64.48000000 0.00000000 
64.64000000 0.00000000 
64.80000000 0.00000000 
64.96000000 0.00000000 
65.12000000 0.00000000 
65.28000000 0.00000000 
65.44000000 0.00000000 
65.60000000 0.00000000 
65.76000000 0.00000000 
65.92000000 0.00000000 
66.08000000 0.00000000 
66.24000000 0.00000000 
66.40000000 0.00000000 
66.56000000 0.00000000 
66.72000000 0.00000000 
66.88000000 0.00000000 
67.04000000 0.00000000 
67.20000000 0.00000000 
67.36000000 0.00000000 
67.52000000 0.00000000 
67.68000000 0.00000000 
67.84000000 0.00000000 
68.00000000 0.00000000 
68.16000000 0.00000000 
68.32000000 0.00000000 
68.48000000 0.00000000 
68.64000000 0.00000000 
68.80000000 0.00000000 
68.96000000 0.00000000 
69.12000000 0.00000000 
69.28000000 0.00000000 
69.44000000 0.00000000 
69.60000000 0.00000000 
69.76000000 0.00000000 
69.92000000 0.00000000 
70.08000000 0.00000000 
70.24000000 0.00000000 
70.40000000 0.00000000 
70.56000000 0.00000000 
70.72000000 0.00000000 
70.88000000 0.00000000 
71.04000000 0.00000000 
71.20000000 0.00000000 
71.36000000 0.00000000 
71.52000000 0.00000000 
71.68000000 0.00000000 
71.84000000 0.00000000 
72.00000000 0.00000000 
72.16000000 0.00000000 
72.32000000 0.00000000 
72.48000000 0.00000000 
72.64000000 0.00000000 
72.80000000 0.00000000 
72.96000000 0.00000000 
73.12000000 0.00000000 
73.28000000 0.00000000 
73.44000000 0.00000000 
73.60000000 0.00000000 
73.76000000 0.00000000 
73.92000000 0.00000000 
74.08000000 0.00000000 
74.24000000 0.00000000 
74.40000000 0.00000000 
74.56000000 0.00000000 
74.72000000 0.00000000 
74.88000000 0.00000000 
75.04000000 0.00000000 
75.20000000 0.00000000 
75.36000000 0.00000000 
75.52000000 0.00000000 
75.68000000 0.00000000 
75.84000000 0.00000000 
76.00000000 0.00000000 
76.16000000 0.00000000 
76.32000000 0.00000000 
76.48000000 0.00000000 
76.64000000 0.00000000 
76.80000000 0.00000000 
76.96000000 0.00000000 
77.12000000 0.00000000 
77.28000000 0.00000000 
77.44000000 0.00000000 
77.60000000 0.00000000 
77.76000000 0.00000000 
77.92000000 0.00000000 
78.08000000 0.00000000 
78.24000000 0.00000000 
78.40000000 0.00000000 
78.56000000 0.00000000 
78.72000000 0.00000000 
78.88000000 0.00000000 
79.04000000 0.00000000 
79.20000000 0.00000000 
79.36000000 0.00000000 
79.52000000 0.00000000 
79.68000000 0.00000000 
79.84000000 0.00000000 
80.00000000 0.00000000 
80.16000000 0.00000000 
80.32000000 0.00000000 
80.48000000 0.00000000 
80.64000000 0.00000000 
80.80000000 0.00000000 
80.96000000 0.00000000 
81.12000000 0.00000000 
81.28000000 0.00000000 
81.44000000 0.00000000 
81.60000000 0.00000000 
81.76000000 0.00000000 
81.92000000 0.00000000 
82.08000000 0.00000000 
82.24000000 0.00000000 
82.40000000 0.00000000 
82.56000000 0.00000000 
82.72000000 0.00000000 
82.88000000 0.00000000 
83.04000000 0.00000000 
83.20000000 0.00000000 
83.36000000 0.00000000 
83.52000000 0.00000000 
83.68000000 0.00000000 
83.84000000 0.00000000 
84.00000000 0.00000000 
84.16000000 0.00000000 
84.32000000 0.00000000 
84.48000000 0.00000000 
84.64000000 0.00000000 
84.80000000 0.00000000 
84.96000000 0.00000000 
85.12000000 0.00000000 
85.28000000 0.00000000 
85.44000000 0.00000000 
85.60000000 0.00000000 
85.76000000 0.00000000 
85.92000000 0.00000000 
86.08000000 0.00000000 
86.24000000 0.00000000 
86.40000000 0.00000000 
86.56000000 0.00000000 
86.72000000 0.00000000 
86.88000000 0.00000000 
87.04000000 0.00000000 
87.20000000 0.00000000 
87.36000000 0.00000000 
87.52000000 0.00000000 
87.68000000 0.00000000 
87.84000000 0.00000000 
88.00000000 0.00000000 
88.16000000 0.00000000 
88.32000000 0.00000000 
88.48000000 0.00000000 
88.64000000 0.00000000 
88.80000000 0.00000000 
88.96000000 0.00000000 
89.12000000 0.00000000 
89.28000000 0.00000000 
89.44000000 0.00000000 
89.60000000 0.00000000 
89.76000000 0.00000000 
89.92000000 0.00000000 
90.08000000 0.00000000 
90.24000000 0.00000000 
90.40000000 0.00000000 
90.56000000 0.00000000 
90.72000000 0.00000000 
90.88000000 0.00000000 
91.04000000 0.00000000 
91.20000000 0.00000000 
91.36000000 0.00000000 
91.52000000 0.00000000 
91.68000000 0.00000000 
91.84000000 0.00000000 
92.00000000 0.00000000 
92.16000000 0.00000000 
92.32000000 0.00000000 
92.48000000 0.00000000 
92.64000000 0.00000000 
92.80000000 0.00000000 
92.96000000 0.00000000 
93.12000000 0.00000000 
93.28000000 0.00000000 
93.44000000 0.00000000 
93.60000000 0.00000000 
93.76000000 0.00000000 
93.92000000 0.00000000 
94.08000000 0.00000000 
94.24000000 0.00000000 
94.40000000 0.00000000 
94.56000000 0.00000000 
94.72000000 0.00000000 
94.88000000 0.00000000 
95.04000000 0.00000000 
95.20000000 0.00000000 
95.36000000 0.00000000 
95.52000000 0.00000000 
95.68000000 0.00000000 
95.84000000 0.00000000 
96.00000000 0.00000000 
96.16000000 0.00000000 
96.32000000 0.00000000 
96.48000000 0.00000000 
96.64000000 0.00000000 
96.80000000 0.00000000 
96.96000000 0.00000000 
97.12000000 0.00000000 
97.28000000 0.00000000 
97.44000000 0.00000000 
97.60000000 0.00000000 
97.76000000 0.00000000 
97.92000000 0.00000000 
98.08000000 0.00000000 
98.24000000 0.00000000 
98.40000000 0.00000000 
98.56000000 0.00000000 
98.72000000 0.00000000 
98.88000000 0.00000000 
99.04000000 0.00000000 
99.20000000 0.00000000 
99.36000000 0.00000000 
99.52000000 0.00000000 
99.68000000 0.00000000 
99.84000000 0.00000000 
100.00000000 0.00000000 
