0.00000000 1.00000000 
0.20500000 0.21586141 
0.41000000 -0.60203629 
0.61500000 -1.49731943 
0.82000000 -2.51978889 
1.02500000 -3.72828506 
1.23000000 -5.19416095 
1.43500000 -7.00557256 
1.64000000 -9.27284747 
1.84500000 -12.13526161 
2.05000000 -15.76964262 
2.25500000 -20.40133335 
2.46000000 -26.31819677 
2.66500000 -33.88853397 
2.87000000 -43.58403187 
3.07500000 -56.00917097 
3.28000000 -71.93892776 
3.48500000 -92.36712353 
3.69000000 -118.56843680 
3.89500000 -152.17794893 
4.10000000 -195.29318750 
4.30500000 -250.60503589 
4.51000000 -321.56567968 
4.71500000 -412.60407215 
4.92000000 -529.40236694 
5.12500000 -679.25057171 
5.33000000 -871.50155864 
5.53500000 -1118.15483167 
5.74000000 -1434.60548677 
5.94500000 -1840.60511248 
6.15000000 -2361.49460625 
6.35500000 -3029.78585422 
6.56000000 -3887.19099665 
6.76500000 -4987.22593799 
6.97000000 -6398.55060256 
7.17500000 -8209.25442165 
7.38000000 -10532.35453569 
7.58500000 -13512.84988796 
7.79000000 -17336.77149920 
7.99500000 -22242.79380634 
8.20000000 -28537.13180035 
8.40500000 -36612.65378508 
8.61000000 -46973.40270177 
8.81500000 -60266.05654583 
9.02000000 -77320.29151372 
9.22500000 -99200.56719194 
9.43000000 -127272.56601996 
9.63500000 -163288.43392217 
9.84000000 -209496.14250044 
