0.00000000 1.50000000 
0.12800000 1.59600000 
0.24392949 1.70627399 
0.34610266 1.82940256 
0.43414997 1.96299773 
0.50896642 2.10442792 
0.57220281 2.25140125 
0.62572147 2.40218505 
0.67125860 2.55556813 
0.71029055 2.71073419 
0.74401778 2.86713903 
0.77339743 3.02441851 
0.79918802 3.18232623 
0.82199141 3.34069291 
0.84228768 3.49940038 
0.86046252 3.65836476 
0.87682821 3.81752557 
0.89163979 3.97683853 
0.90510716 4.13627074 
0.91740449 4.29579746 
0.92867738 4.45539985 
0.93904838 4.61506338 
0.94862137 4.77477674 
0.95748493 4.93453104 
0.96571505 5.09431923 
0.97337725 5.25413566 
0.98052835 5.41397577 
0.98721786 5.57383587 
0.99348907 5.73371292 
0.99938005 5.89360444 
1.00492438 6.05350834 
1.01015181 6.21342293 
1.01508876 6.37334674 
1.01975882 6.53327857 
1.02418308 6.69321739 
1.02838045 6.85316233 
1.03236798 7.01311263 
1.03616102 7.17306767 
1.03977348 7.33302688 
1.04321797 7.49298980 
1.04650595 7.65295601 
1.04964785 7.81292516 
1.05265320 7.97289693 
1.05553074 8.13287105 
1.05828844 8.29284729 
1.06093364 8.45282542 
1.06347311 8.61280526 
1.06591306 8.77278666 
1.06825922 8.93276946 
1.07051692 9.09275353 
1.07269106 9.25273876 
1.07478621 9.41272504 
1.07680659 9.57271228 
1.07875614 9.73270040 
1.08063853 9.89268933 
1.08245716 10.05267899 
1.08421522 10.21266933 
1.08591570 10.37266030 
1.08756137 10.53265183 
1.08915485 10.69264390 
1.09069859 10.85263645 
1.09219487 11.01262946 
1.09364585 11.17262288 
1.09505357 11.33261668 
1.09641993 11.49261085 
1.09774672 11.65260535 
1.09903564 11.81260016 
1.10028829 11.97259525 
1.10150619 12.13259062 
1.10269075 12.29258623 
1.10384333 12.45258208 
1.10496521 12.61257815 
1.10605760 12.77257442 
1.10712165 12.93257088 
1.10815844 13.09256752 
1.10916902 13.25256433 
1.11015435 13.41256130 
1.11111539 13.57255841 
1.11205301 13.73255566 
1.11296806 13.89255305 
1.11386135 14.05255055 
1.11473364 14.21254817 
1.11558568 14.37254590 
1.11641814 14.53254374 
1.11723171 14.69254167 
1.11802701 14.85253969 
1.11880466 15.01253780 
1.11956524 15.17253600 
1.12030931 15.33253427 
1.12103738 15.49253261 
1.12174999 15.65253102 
1.12244761 15.81252950 
1.12313071 15.97252804 
1.12379974 16.13252665 
1.12445514 16.29252530 
1.12509731 16.45252401 
1.12572664 16.61252278 
1.12634354 16.77252159 
1.12694834 16.93252044 
1.12754142 17.09251934 
1.12812310 17.25251829 
1.12869372 17.41251727 
1.12925358 17.57251629 
1.12980299 17.73251535 
1.13034223 17.89251444 
1.13087160 18.05251356 
1.13139134 18.21251272 
1.13190173 18.37251190 
1.13240302 18.53251112 
1.13289545 18.69251036 
1.13337924 18.85250963 
1.13385463 19.01250892 
1.13432183 19.17250824 
1.13478105 19.33250758 
1.13523250 19.49250695 
1.13567637 19.65250633 
1.13611285 19.81250573 
1.13654212 19.97250516 
1.13696436 20.13250460 
1.13737975 20.29250406 
1.13778844 20.45250354 
1.13819060 20.61250304 
1.13858638 20.77250255 
1.13897593 20.93250207 
1.13935941 21.09250161 
1.13973694 21.25250117 
1.14010867 21.41250073 
1.14047473 21.57250032 
1.14083526 21.73249991 
1.14119036 21.89249952 
1.14154017 22.05249913 
1.14188481 22.21249876 
1.14222438 22.37249840 
1.14255899 22.53249805 
1.14288877 22.69249771 
1.14321380 22.85249738 
1.14353419 23.01249706 
1.14385005 23.17249675 
1.14416146 23.33249645 
1.14446852 23.49249615 
1.14477131 23.65249587 
1.14506994 23.81249559 
1.14536448 23.97249532 
1.14565501 24.13249505 
1.14594162 24.29249479 
1.14622439 24.45249455 
1.14650339 24.61249430 
1.14677870 24.77249406 
1.14705039 24.93249383 
1.14731854 25.09249361 
1.14758320 25.25249339 
1.14784445 25.41249318 
1.14810236 25.57249297 
1.14835698 25.73249277 
1.14860838 25.89249257 
1.14885663 26.05249238 
1.14910177 26.21249219 
1.14934387 26.37249201 
1.14958298 26.53249183 
1.14981917 26.69249165 
1.15005247 26.85249148 
1.15028295 27.01249132 
1.15051066 27.17249115 
1.15073564 27.33249100 
1.15095794 27.49249084 
1.15117762 27.65249069 
1.15139471 27.81249054 
1.15160927 27.97249040 
1.15182133 28.13249026 
1.15203095 28.29249012 
1.15223815 28.45248999 
1.15244299 28.61248986 
1.15264551 28.77248973 
1.15284574 28.93248960 
1.15304372 29.09248948 
1.15323949 29.25248936 
1.15343309 29.41248924 
1.15362455 29.57248913 
1.15381391 29.73248902 
1.15400120 29.89248891 
1.15418645 30.05248880 
1.15436971 30.21248870 
1.15455100 30.37248859 
1.15473034 30.53248849 
1.15490779 30.69248839 
1.15508335 30.85248830 
1.15525707 31.01248820 
1.15542897 31.17248811 
1.15559909 31.33248802 
1.15576744 31.49248793 
1.15593406 31.65248785 
1.15609897 31.81248776 
1.15626219 31.97248768 
1.15642377 32.13248760 
1.15658371 32.29248752 
1.15674204 32.45248744 
1.15689880 32.61248736 
1.15705399 32.77248729 
1.15720765 32.93248721 
1.15735980 33.09248714 
1.15751045 33.25248707 
1.15765964 33.41248700 
1.15780738 33.57248693 
1.15795370 33.73248686 
1.15809860 33.89248680 
1.15824213 34.05248673 
1.15838428 34.21248667 
1.15852509 34.37248661 
1.15866458 34.53248655 
1.15880275 34.69248649 
1.15893963 34.85248643 
1.15907524 35.01248637 
1.15920960 35.17248632 
1.15934272 35.33248626 
1.15947462 35.49248621 
1.15960531 35.65248615 
1.15973482 35.81248610 
1.15986316 35.97248605 
1.15999034 36.13248600 
1.16011638 36.29248595 
1.16024130 36.45248590 
1.16036510 36.61248585 
1.16048782 36.77248580 
1.16060945 36.93248576 
1.16073001 37.09248571 
1.16084953 37.25248567 
1.16096800 37.41248562 
1.16108545 37.57248558 
1.16120189 37.73248554 
1.16131733 37.89248550 
1.16143178 38.05248546 
1.16154526 38.21248542 
1.16165778 38.37248538 
1.16176935 38.53248534 
1.16187999 38.69248530 
1.16198969 38.85248526 
1.16209849 39.01248522 
1.16220638 39.17248519 
1.16231338 39.33248515 
1.16241950 39.49248512 
1.16252476 39.65248508 
1.16262915 39.81248505 
1.16273269 39.97248502 
1.16283540 40.13248498 
1.16293728 40.29248495 
1.16303834 40.45248492 
1.16313860 40.61248489 
1.16323805 40.77248486 
1.16333672 40.93248483 
1.16343460 41.09248480 
1.16353172 41.25248477 
1.16362808 41.41248474 
1.16372368 41.57248471 
1.16381854 41.73248468 
1.16391266 41.89248465 
1.16400606 42.05248463 
1.16409874 42.21248460 
1.16419071 42.37248457 
1.16428198 42.53248455 
1.16437256 42.69248452 
1.16446245 42.85248450 
1.16455166 43.01248447 
1.16464020 43.17248445 
1.16472808 43.33248442 
1.16481530 43.49248440 
1.16490188 43.65248437 
1.16498781 43.81248435 
1.16507311 43.97248433 
1.16515779 44.13248431 
1.16524184 44.29248428 
1.16532528 44.45248426 
1.16540812 44.61248424 
1.16549035 44.77248422 
1.16557199 44.93248420 
1.16565305 45.09248418 
1.16573352 45.25248416 
1.16581342 45.41248414 
1.16589275 45.57248412 
1.16597152 45.73248410 
1.16604973 45.89248408 
1.16612739 46.05248406 
1.16620451 46.21248404 
1.16628108 46.37248402 
1.16635713 46.53248401 
1.16643264 46.69248399 
1.16650764 46.85248397 
1.16658212 47.01248395 
1.16665608 47.17248394 
1.16672954 47.33248392 
1.16680250 47.49248390 
1.16687496 47.65248389 
1.16694693 47.81248387 
1.16701842 47.97248385 
1.16708942 48.13248384 
1.16715995 48.29248382 
1.16723001 48.45248381 
1.16729960 48.61248379 
1.16736873 48.77248378 
1.16743740 48.93248376 
1.16750561 49.09248375 
1.16757338 49.25248373 
1.16764071 49.41248372 
1.16770759 49.57248371 
1.16777404 49.73248369 
1.16784006 49.89248368 
1.16790565 50.05248366 
1.16797082 50.21248365 
1.16803556 50.37248364 
1.16809990 50.53248363 
1.16816382 50.69248361 
1.16822734 50.85248360 
1.16829045 51.01248359 
1.16835317 51.17248358 
1.16841548 51.33248356 
1.16847741 51.49248355 
1.16853895 51.65248354 
1.16860010 51.81248353 
1.16866088 51.97248352 
1.16872127 52.13248350 
1.16878130 52.29248349 
1.16884095 52.45248348 
1.16890023 52.61248347 
1.16895916 52.77248346 
1.16901772 52.93248345 
1.16907592 53.09248344 
1.16913377 53.25248343 
1.16919127 53.41248342 
1.16924843 53.57248341 
1.16930524 53.73248340 
1.16936171 53.89248339 
1.16941784 54.05248338 
1.16947363 54.21248337 
1.16952909 54.37248336 
1.16958423 54.53248335 
1.16963904 54.69248334 
1.16969352 54.85248333 
1.16974769 55.01248332 
1.16980154 55.17248331 
1.16985507 55.33248330 
1.16990829 55.49248329 
1.16996120 55.65248329 
1.17001380 55.81248328 
1.17006611 55.97248327 
1.17011811 56.13248326 
1.17016981 56.29248325 
1.17022121 56.45248324 
1.17027232 56.61248324 
1.17032314 56.77248323 
1.17037367 56.93248322 
1.17042392 57.09248321 
1.17047388 57.25248320 
1.17052356 57.41248320 
1.17057296 57.57248319 
1.17062209 57.73248318 
1.17067094 57.89248317 
1.17071952 58.05248317 
1.17076782 58.21248316 
1.17081587 58.37248315 
1.17086364 58.53248314 
1.17091115 58.69248314 
1.17095841 58.85248313 
1.17100540 59.01248312 
1.17105213 59.17248312 
1.17109862 59.33248311 
1.17114485 59.49248310 
1.17119082 59.65248310 
1.17123656 59.81248309 
1.17128204 59.97248308 
1.17132728 60.13248308 
1.17137228 60.29248307 
1.17141703 60.45248306 
1.17146155 60.61248306 
1.17150583 60.77248305 
1.17154988 60.93248305 
1.17159369 61.09248304 
1.17163727 61.25248303 
1.17168063 61.41248303 
1.17172375 61.57248302 
1.17176665 61.73248302 
1.17180933 61.89248301 
1.17185178 62.05248301 
1.17189402 62.21248300 
1.17193603 62.37248299 
1.17197783 62.53248299 
1.17201941 62.69248298 
1.17206078 62.85248298 
1.17210194 63.01248297 
1.17214288 63.17248297 
1.17218362 63.33248296 
1.17222415 63.49248296 
1.17226448 63.65248295 
1.17230460 63.81248295 
1.17234451 63.97248294 
1.17238423 64.13248294 
1.17242375 64.29248293 
1.17246307 64.45248293 
1.17250219 64.61248292 
1.17254112 64.77248292 
1.17257985 64.93248291 
1.17261840 65.09248291 
1.17265675 65.25248290 
1.17269491 65.41248290 
1.17273288 65.57248290 
1.17277067 65.73248289 
1.17280827 65.89248289 
1.17284569 66.05248288 
1.17288293 66.21248288 
1.17291998 66.37248287 
1.17295686 66.53248287 
1.17299356 66.69248287 
1.17303008 66.85248286 
1.17306642 67.01248286 
1.17310259 67.17248285 
1.17313859 67.33248285 
1.17317441 67.49248284 
1.17321006 67.65248284 
1.17324554 67.81248284 
1.17328086 67.97248283 
1.17331601 68.13248283 
1.17335099 68.29248283 
1.17338580 68.45248282 
1.17342046 68.61248282 
1.17345495 68.77248281 
1.17348927 68.93248281 
1.17352344 69.09248281 
1.17355745 69.25248280 
1.17359130 69.41248280 
1.17362499 69.57248280 
1.17365853 69.73248279 
1.17369191 69.89248279 
1.17372514 70.05248279 
1.17375822 70.21248278 
1.17379114 70.37248278 
1.17382392 70.53248278 
1.17385654 70.69248277 
1.17388902 70.85248277 
1.17392135 71.01248277 
1.17395353 71.17248276 
1.17398557 71.33248276 
1.17401746 71.49248276 
1.17404921 71.65248275 
1.17408081 71.81248275 
1.17411227 71.97248275 
1.17414360 72.13248274 
1.17417478 72.29248274 
1.17420582 72.45248274 
1.17423673 72.61248273 
1.17426750 72.77248273 
1.17429813 72.93248273 
1.17432863 73.09248273 
1.17435900 73.25248272 
1.17438923 73.41248272 
1.17441932 73.57248272 
1.17444929 73.73248271 
1.17447913 73.89248271 
1.17450883 74.05248271 
1.17453841 74.21248271 
1.17456786 74.37248270 
1.17459718 74.53248270 
1.17462637 74.69248270 
1.17465544 74.85248270 
1.17468438 75.01248269 
1.17471320 75.17248269 
1.17474190 75.33248269 
1.17477047 75.49248268 
1.17479892 75.65248268 
1.17482725 75.81248268 
1.17485546 75.97248268 
1.17488355 76.13248267 
1.17491153 76.29248267 
1.17493938 76.45248267 
1.17496712 76.61248267 
1.17499474 76.77248267 
1.17502224 76.93248266 
1.17504963 77.09248266 
1.17507691 77.25248266 
1.17510407 77.41248266 
1.17513112 77.57248265 
1.17515805 77.73248265 
1.17518488 77.89248265 
1.17521159 78.05248265 
1.17523819 78.21248264 
1.17526469 78.37248264 
1.17529108 78.53248264 
1.17531735 78.69248264 
1.17534352 78.85248264 
1.17536959 79.01248263 
1.17539554 79.17248263 
1.17542140 79.33248263 
1.17544714 79.49248263 
1.17547279 79.65248263 
1.17549832 79.81248262 
1.17552376 79.97248262 
1.17554910 80.13248262 
1.17557433 80.29248262 
1.17559946 80.45248262 
1.17562449 80.61248261 
1.17564942 80.77248261 
1.17567425 80.93248261 
1.17569898 81.09248261 
1.17572362 81.25248261 
1.17574816 81.41248260 
1.17577260 81.57248260 
1.17579694 81.73248260 
1.17582119 81.89248260 
1.17584534 82.05248260 
1.17586940 82.21248259 
1.17589336 82.37248259 
1.17591723 82.53248259 
1.17594101 82.69248259 
1.17596470 82.85248259 
1.17598829 83.01248259 
1.17601179 83.17248258 
1.17603520 83.33248258 
1.17605852 83.49248258 
1.17608175 83.65248258 
1.17610489 83.81248258 
1.17612795 83.97248258 
1.17615091 84.13248257 
1.17617379 84.29248257 
1.17619658 84.45248257 
1.17621928 84.61248257 
1.17624189 84.77248257 
1.17626442 84.93248257 
1.17628687 85.09248256 
1.17630923 85.25248256 
1.17633150 85.41248256 
1.17635370 85.57248256 
1.17637580 85.73248256 
1.17639783 85.89248256 
1.17641977 86.05248256 
1.17644163 86.21248255 
1.17646341 86.37248255 
1.17648511 86.53248255 
1.17650673 86.69248255 
1.17652827 86.85248255 
1.17654972 87.01248255 
1.17657110 87.17248255 
1.17659240 87.33248254 
1.17661362 87.49248254 
1.17663477 87.65248254 
1.17665583 87.81248254 
1.17667682 87.97248254 
1.17669773 88.13248254 
1.17671857 88.29248254 
1.17673933 88.45248253 
1.17676001 88.61248253 
1.17678062 88.77248253 
1.17680116 88.93248253 
1.17682162 89.09248253 
1.17684200 89.25248253 
1.17686232 89.41248253 
1.17688255 89.57248252 
1.17690272 89.73248252 
1.17692282 89.89248252 
1.17694284 90.05248252 
1.17696279 90.21248252 
1.17698267 90.37248252 
1.17700248 90.53248252 
1.17702222 90.69248252 
1.17704189 90.85248251 
1.17706149 91.01248251 
1.17708102 91.17248251 
1.17710048 91.33248251 
1.17711988 91.49248251 
1.17713920 91.65248251 
1.17715846 91.81248251 
1.17717765 91.97248251 
1.17719677 92.13248251 
1.17721583 92.29248250 
1.17723482 92.45248250 
1.17725374 92.61248250 
1.17727260 92.77248250 
1.17729139 92.93248250 
1.17731012 93.09248250 
1.17732878 93.25248250 
1.17734738 93.41248250 
1.17736592 93.57248250 
1.17738439 93.73248249 
1.17740279 93.89248249 
1.17742114 94.05248249 
1.17743942 94.21248249 
1.17745764 94.37248249 
1.17747580 94.53248249 
1.17749389 94.69248249 
1.17751193 94.85248249 
1.17752990 95.01248249 
1.17754781 95.17248249 
1.17756567 95.33248248 
1.17758346 95.49248248 
1.17760119 95.65248248 
1.17761886 95.81248248 
1.17763647 95.97248248 
1.17765403 96.13248248 
1.17767152 96.29248248 
1.17768896 96.45248248 
1.17770634 96.61248248 
1.17772366 96.77248248 
1.17774092 96.93248247 
1.17775813 97.09248247 
1.17777528 97.25248247 
1.17779237 97.41248247 
1.17780941 97.57248247 
1.17782639 97.73248247 
1.17784331 97.89248247 
1.17786018 98.05248247 
1.17787699 98.21248247 
1.17789375 98.37248247 
1.17791046 98.53248247 
1.17792711 98.69248246 
1.17794370 98.85248246 
1.17796024 99.01248246 
1.17797673 99.17248246 
1.17799316 99.33248246 
1.17800954 99.49248246 
1.17802587 99.65248246 
1.17804215 99.81248246 
1.17805837 99.97248246 
1.17807454 100.13248246 
1.17809066 100.29248246 
1.17810672 100.45248246 
1.17812274 100.61248245 
1.17813870 100.77248245 
1.17815462 100.93248245 
1.17817048 101.09248245 
1.17818629 101.25248245 
