0.00000000 0.50000000 
0.15522280 0.46119430 
0.31050046 0.42260871 
0.46593985 0.38467986 
0.62163761 0.34782600 
0.77767334 0.31243038 
0.93410466 0.27882617 
1.09096484 0.24728439 
1.24826315 0.21800570 
1.40598758 0.19111696 
1.56410930 0.16667272 
1.72258798 0.14466116 
1.88137705 0.12501350 
2.04042835 0.10761565 
2.19969560 0.09232050 
2.35913678 0.07895974 
2.51871534 0.06735437 
2.67840058 0.05732330 
2.83816749 0.04868992 
2.99799613 0.04128679 
3.15787094 0.03495859 
3.31777996 0.02956382 
3.47771415 0.02497534 
3.63766674 0.02108025 
3.79763268 0.01777921 
3.95760829 0.01498554 
4.11759086 0.01262404 
4.27757843 0.01062985 
4.43756958 0.00894724 
4.59756329 0.00752855 
4.75755883 0.00633308 
4.91755566 0.00532623 
5.07755341 0.00447858 
5.23755182 0.00376522 
5.39755070 0.00316506 
5.55754990 0.00266026 
5.71754934 0.00223575 
5.87754894 0.00187883 
6.03754866 0.00157878 
6.19754846 0.00132658 
6.35754832 0.00111461 
6.51754822 0.00093647 
6.67754815 0.00078677 
6.83754810 0.00066099 
6.99754807 0.00055530 
7.15754804 0.00046650 
7.31754803 0.00039190 
7.47754801 0.00032922 
7.63754800 0.00027656 
7.79754800 0.00023232 
7.95754799 0.00019516 
8.11754799 0.00016394 
8.27754799 0.00013771 
8.43754799 0.00011568 
8.59754799 0.00009718 
8.75754799 0.00008163 
8.91754798 0.00006857 
9.07754798 0.00005760 
9.23754798 0.00004838 
9.39754798 0.00004064 
9.55754798 0.00003414 
9.71754798 0.00002868 
9.87754798 0.00002409 
10.03754798 0.00002024 
10.19754798 0.00001700 
10.35754798 0.00001428 
10.51754798 0.00001199 
10.67754798 0.00001007 
10.83754798 0.00000846 
10.99754798 0.00000711 
11.15754798 0.00000597 
11.31754798 0.00000502 
11.47754798 0.00000421 
11.63754798 0.00000354 
11.79754798 0.00000297 
11.95754798 0.00000250 
12.11754798 0.00000210 
12.27754798 0.00000176 
12.43754798 0.00000148 
12.59754798 0.00000124 
12.75754798 0.00000104 
12.91754798 0.00000088 
13.07754798 0.00000074 
13.23754798 0.00000062 
13.39754798 0.00000052 
13.55754798 0.00000044 
13.71754798 0.00000037 
13.87754798 0.00000031 
14.03754798 0.00000026 
14.19754798 0.00000022 
14.35754798 0.00000018 
14.51754798 0.00000015 
14.67754798 0.00000013 
14.83754798 0.00000011 
14.99754798 0.00000009 
15.15754798 0.00000008 
15.31754798 0.00000006 
15.47754798 0.00000005 
15.63754798 0.00000005 
15.79754798 0.00000004 
15.95754798 0.00000003 
16.11754798 0.00000003 
16.27754798 0.00000002 
16.43754798 0.00000002 
16.59754798 0.00000002 
16.75754798 0.00000001 
16.91754798 0.00000001 
17.07754798 0.00000001 
17.23754798 0.00000001 
17.39754798 0.00000001 
17.55754798 0.00000001 
17.71754798 0.00000000 
17.87754798 0.00000000 
18.03754798 0.00000000 
18.19754798 0.00000000 
18.35754798 0.00000000 
18.51754798 0.00000000 
18.67754798 0.00000000 
18.83754798 0.00000000 
18.99754798 0.00000000 
19.15754798 0.00000000 
19.31754798 0.00000000 
19.47754798 0.00000000 
19.63754798 0.00000000 
19.79754798 0.00000000 
19.95754798 0.00000000 
20.11754798 0.00000000 
20.27754798 0.00000000 
20.43754798 0.00000000 
20.59754798 0.00000000 
20.75754798 0.00000000 
20.91754798 0.00000000 
21.07754798 0.00000000 
21.23754798 0.00000000 
21.39754798 0.00000000 
21.55754798 0.00000000 
21.71754798 0.00000000 
21.87754798 0.00000000 
22.03754798 0.00000000 
22.19754798 0.00000000 
22.35754798 0.00000000 
22.51754798 0.00000000 
22.67754798 0.00000000 
22.83754798 0.00000000 
22.99754798 0.00000000 
23.15754798 0.00000000 
23.31754798 0.00000000 
23.47754798 0.00000000 
23.63754798 0.00000000 
23.79754798 0.00000000 
23.95754798 0.00000000 
24.11754798 0.00000000 
24.27754798 0.00000000 
24.43754798 0.00000000 
24.59754798 0.00000000 
24.75754798 0.00000000 
24.91754798 0.00000000 
25.07754798 0.00000000 
25.23754798 0.00000000 
25.39754798 0.00000000 
25.55754798 0.00000000 
25.71754798 0.00000000 
25.87754798 0.00000000 
26.03754798 0.00000000 
26.19754798 0.00000000 
26.35754798 0.00000000 
26.51754798 0.00000000 
26.67754798 0.00000000 
26.83754798 0.00000000 
26.99754798 0.00000000 
27.15754798 0.00000000 
27.31754798 0.00000000 
27.47754798 0.00000000 
27.63754798 0.00000000 
27.79754798 0.00000000 
27.95754798 0.00000000 
28.11754798 0.00000000 
28.27754798 0.00000000 
28.43754798 0.00000000 
28.59754798 0.00000000 
28.75754798 0.00000000 
28.91754798 0.00000000 
29.07754798 0.00000000 
29.23754798 0.00000000 
29.39754798 0.00000000 
29.55754798 0.00000000 
29.71754798 0.00000000 
29.87754798 0.00000000 
30.03754798 0.00000000 
30.19754798 0.00000000 
30.35754798 0.00000000 
30.51754798 0.00000000 
30.67754798 0.00000000 
30.83754798 0.00000000 
30.99754798 0.00000000 
31.15754798 0.00000000 
31.31754798 0.00000000 
31.47754798 0.00000000 
31.63754798 0.00000000 
31.79754798 0.00000000 
31.95754798 0.00000000 
32.11754798 0.00000000 
32.27754798 0.00000000 
32.43754798 0.00000000 
32.59754798 0.00000000 
32.75754798 0.00000000 
32.91754798 0.00000000 
33.07754798 0.00000000 
33.23754798 0.00000000 
33.39754798 0.00000000 
33.55754798 0.00000000 
33.71754798 0.00000000 
33.87754798 0.00000000 
34.03754798 0.00000000 
34.19754798 0.00000000 
34.35754798 0.00000000 
34.51754798 0.00000000 
34.67754798 0.00000000 
34.83754798 0.00000000 
34.99754798 0.00000000 
35.15754798 0.00000000 
35.31754798 0.00000000 
35.47754798 0.00000000 
35.63754798 0.00000000 
35.79754798 0.00000000 
35.95754798 0.00000000 
36.11754798 0.00000000 
36.27754798 0.00000000 
36.43754798 0.00000000 
36.59754798 0.00000000 
36.75754798 0.00000000 
36.91754798 0.00000000 
37.07754798 0.00000000 
37.23754798 0.00000000 
37.39754798 0.00000000 
37.55754798 0.00000000 
37.71754798 0.00000000 
37.87754798 0.00000000 
38.03754798 0.00000000 
38.19754798 0.00000000 
38.35754798 0.00000000 
38.51754798 0.00000000 
38.67754798 0.00000000 
38.83754798 0.00000000 
38.99754798 0.00000000 
39.15754798 0.00000000 
39.31754798 0.00000000 
39.47754798 0.00000000 
39.63754798 0.00000000 
39.79754798 0.00000000 
39.95754798 0.00000000 
40.11754798 0.00000000 
40.27754798 0.00000000 
40.43754798 0.00000000 
40.59754798 0.00000000 
40.75754798 0.00000000 
40.91754798 0.00000000 
41.07754798 0.00000000 
41.23754798 0.00000000 
41.39754798 0.00000000 
41.55754798 0.00000000 
41.71754798 0.00000000 
41.87754798 0.00000000 
42.03754798 0.00000000 
42.19754798 0.00000000 
42.35754798 0.00000000 
42.51754798 0.00000000 
42.67754798 0.00000000 
42.83754798 0.00000000 
42.99754798 0.00000000 
43.15754798 0.00000000 
43.31754798 0.00000000 
43.47754798 0.00000000 
43.63754798 0.00000000 
43.79754798 0.00000000 
43.95754798 0.00000000 
44.11754798 0.00000000 
44.27754798 0.00000000 
44.43754798 0.00000000 
44.59754798 0.00000000 
44.75754798 0.00000000 
44.91754798 0.00000000 
45.07754798 0.00000000 
45.23754798 0.00000000 
45.39754798 0.00000000 
45.55754798 0.00000000 
45.71754798 0.00000000 
45.87754798 0.00000000 
46.03754798 0.00000000 
46.19754798 0.00000000 
46.35754798 0.00000000 
46.51754798 0.00000000 
46.67754798 0.00000000 
46.83754798 0.00000000 
46.99754798 0.00000000 
47.15754798 0.00000000 
47.31754798 0.00000000 
47.47754798 0.00000000 
47.63754798 0.00000000 
47.79754798 0.00000000 
47.95754798 0.00000000 
48.11754798 0.00000000 
48.27754798 0.00000000 
48.43754798 0.00000000 
48.59754798 0.00000000 
48.75754798 0.00000000 
48.91754798 0.00000000 
49.07754798 0.00000000 
49.23754798 0.00000000 
49.39754798 0.00000000 
49.55754798 0.00000000 
49.71754798 0.00000000 
49.87754798 0.00000000 
50.03754798 0.00000000 
50.19754798 0.00000000 
50.35754798 0.00000000 
50.51754798 0.00000000 
50.67754798 0.00000000 
50.83754798 0.00000000 
50.99754798 0.00000000 
51.15754798 0.00000000 
51.31754798 0.00000000 
51.47754798 0.00000000 
51.63754798 0.00000000 
51.79754798 0.00000000 
51.95754798 0.00000000 
52.11754798 0.00000000 
52.27754798 0.00000000 
52.43754798 0.00000000 
52.59754798 0.00000000 
52.75754798 0.00000000 
52.91754798 0.00000000 
53.07754798 0.00000000 
53.23754798 0.00000000 
53.39754798 0.00000000 
53.55754798 0.00000000 
53.71754798 0.00000000 
53.87754798 0.00000000 
54.03754798 0.00000000 
54.19754798 0.00000000 
54.35754798 0.00000000 
54.51754798 0.00000000 
54.67754798 0.00000000 
54.83754798 0.00000000 
54.99754798 0.00000000 
55.15754798 0.00000000 
55.31754798 0.00000000 
55.47754798 0.00000000 
55.63754798 0.00000000 
55.79754798 0.00000000 
55.95754798 0.00000000 
56.11754798 0.00000000 
56.27754798 0.00000000 
56.43754798 0.00000000 
56.59754798 0.00000000 
56.75754798 0.00000000 
56.91754798 0.00000000 
57.07754798 0.00000000 
57.23754798 0.00000000 
57.39754798 0.00000000 
57.55754798 0.00000000 
57.71754798 0.00000000 
57.87754798 0.00000000 
58.03754798 0.00000000 
58.19754798 0.00000000 
58.35754798 0.00000000 
58.51754798 0.00000000 
58.67754798 0.00000000 
58.83754798 0.00000000 
58.99754798 0.00000000 
59.15754798 0.00000000 
59.31754798 0.00000000 
59.47754798 0.00000000 
59.63754798 0.00000000 
59.79754798 0.00000000 
59.95754798 0.00000000 
60.11754798 0.00000000 
60.27754798 0.00000000 
60.43754798 0.00000000 
60.59754798 0.00000000 
60.75754798 0.00000000 
60.91754798 0.00000000 
61.07754798 0.00000000 
61.23754798 0.00000000 
61.39754798 0.00000000 
61.55754798 0.00000000 
61.71754798 0.00000000 
61.87754798 0.00000000 
62.03754798 0.00000000 
62.19754798 0.00000000 
62.35754798 0.00000000 
62.51754798 0.00000000 
62.67754798 0.00000000 
62.83754798 0.00000000 
62.99754798 0.00000000 
63.15754798 0.00000000 
63.31754798 0.00000000 
63.47754798 0.00000000 
63.63754798 0.00000000 
63.79754798 0.00000000 
63.95754798 0.00000000 
64.11754798 0.00000000 
64.27754798 0.00000000 
64.43754798 0.00000000 
64.59754798 0.00000000 
64.75754798 0.00000000 
64.91754798 0.00000000 
65.07754798 0.00000000 
65.23754798 0.00000000 
65.39754798 0.00000000 
65.55754798 0.00000000 
65.71754798 0.00000000 
65.87754798 0.00000000 
66.03754798 0.00000000 
66.19754798 0.00000000 
66.35754798 0.00000000 
66.51754798 0.00000000 
66.67754798 0.00000000 
66.83754798 0.00000000 
66.99754798 0.00000000 
67.15754798 0.00000000 
67.31754798 0.00000000 
67.47754798 0.00000000 
67.63754798 0.00000000 
67.79754798 0.00000000 
67.95754798 0.00000000 
68.11754798 0.00000000 
68.27754798 0.00000000 
68.43754798 0.00000000 
68.59754798 0.00000000 
68.75754798 0.00000000 
68.91754798 0.00000000 
69.07754798 0.00000000 
69.23754798 0.00000000 
69.39754798 0.00000000 
69.55754798 0.00000000 
69.71754798 0.00000000 
69.87754798 0.00000000 
70.03754798 0.00000000 
70.19754798 0.00000000 
70.35754798 0.00000000 
70.51754798 0.00000000 
70.67754798 0.00000000 
70.83754798 0.00000000 
70.99754798 0.00000000 
71.15754798 0.00000000 
71.31754798 0.00000000 
71.47754798 0.00000000 
71.63754798 0.00000000 
71.79754798 0.00000000 
71.95754798 0.00000000 
72.11754798 0.00000000 
72.27754798 0.00000000 
72.43754798 0.00000000 
72.59754798 0.00000000 
72.75754798 0.00000000 
72.91754798 0.00000000 
73.07754798 0.00000000 
73.23754798 0.00000000 
73.39754798 0.00000000 
73.55754798 0.00000000 
73.71754798 0.00000000 
73.87754798 0.00000000 
74.03754798 0.00000000 
74.19754798 0.00000000 
74.35754798 0.00000000 
74.51754798 0.00000000 
74.67754798 0.00000000 
74.83754798 0.00000000 
74.99754798 0.00000000 
75.15754798 0.00000000 
75.31754798 0.00000000 
75.47754798 0.00000000 
75.63754798 0.00000000 
75.79754798 0.00000000 
75.95754798 0.00000000 
76.11754798 0.00000000 
76.27754798 0.00000000 
76.43754798 0.00000000 
76.59754798 0.00000000 
76.75754798 0.00000000 
76.91754798 0.00000000 
77.07754798 0.00000000 
77.23754798 0.00000000 
77.39754798 0.00000000 
77.55754798 0.00000000 
77.71754798 0.00000000 
77.87754798 0.00000000 
78.03754798 0.00000000 
78.19754798 0.00000000 
78.35754798 0.00000000 
78.51754798 0.00000000 
78.67754798 0.00000000 
78.83754798 0.00000000 
78.99754798 0.00000000 
79.15754798 0.00000000 
79.31754798 0.00000000 
79.47754798 0.00000000 
79.63754798 0.00000000 
79.79754798 0.00000000 
79.95754798 0.00000000 
80.11754798 0.00000000 
80.27754798 0.00000000 
80.43754798 0.00000000 
80.59754798 0.00000000 
80.75754798 0.00000000 
80.91754798 0.00000000 
81.07754798 0.00000000 
81.23754798 0.00000000 
81.39754798 0.00000000 
81.55754798 0.00000000 
81.71754798 0.00000000 
81.87754798 0.00000000 
82.03754798 0.00000000 
82.19754798 0.00000000 
82.35754798 0.00000000 
82.51754798 0.00000000 
82.67754798 0.00000000 
82.83754798 0.00000000 
82.99754798 0.00000000 
83.15754798 0.00000000 
83.31754798 0.00000000 
83.47754798 0.00000000 
83.63754798 0.00000000 
83.79754798 0.00000000 
83.95754798 0.00000000 
84.11754798 0.00000000 
84.27754798 0.00000000 
84.43754798 0.00000000 
84.59754798 0.00000000 
84.75754798 0.00000000 
84.91754798 0.00000000 
85.07754798 0.00000000 
85.23754798 0.00000000 
85.39754798 0.00000000 
85.55754798 0.00000000 
85.71754798 0.00000000 
85.87754798 0.00000000 
86.03754798 0.00000000 
86.19754798 0.00000000 
86.35754798 0.00000000 
86.51754798 0.00000000 
86.67754798 0.00000000 
86.83754798 0.00000000 
86.99754798 0.00000000 
87.15754798 0.00000000 
87.31754798 0.00000000 
87.47754798 0.00000000 
87.63754798 0.00000000 
87.79754798 0.00000000 
87.95754798 0.00000000 
88.11754798 0.00000000 
88.27754798 0.00000000 
88.43754798 0.00000000 
88.59754798 0.00000000 
88.75754798 0.00000000 
88.91754798 0.00000000 
89.07754798 0.00000000 
89.23754798 0.00000000 
89.39754798 0.00000000 
89.55754798 0.00000000 
89.71754798 0.00000000 
89.87754798 0.00000000 
90.03754798 0.00000000 
90.19754798 0.00000000 
90.35754798 0.00000000 
90.51754798 0.00000000 
90.67754798 0.00000000 
90.83754798 0.00000000 
90.99754798 0.00000000 
91.15754798 0.00000000 
91.31754798 0.00000000 
91.47754798 0.00000000 
91.63754798 0.00000000 
91.79754798 0.00000000 
91.95754798 0.00000000 
92.11754798 0.00000000 
92.27754798 0.00000000 
92.43754798 0.00000000 
92.59754798 0.00000000 
92.75754798 0.00000000 
92.91754798 0.00000000 
93.07754798 0.00000000 
93.23754798 0.00000000 
93.39754798 0.00000000 
93.55754798 0.00000000 
93.71754798 0.00000000 
93.87754798 0.00000000 
94.03754798 0.00000000 
94.19754798 0.00000000 
94.35754798 0.00000000 
94.51754798 0.00000000 
94.67754798 0.00000000 
94.83754798 0.00000000 
94.99754798 0.00000000 
95.15754798 0.00000000 
95.31754798 0.00000000 
95.47754798 0.00000000 
95.63754798 0.00000000 
95.79754798 0.00000000 
95.95754798 0.00000000 
96.11754798 0.00000000 
96.27754798 0.00000000 
96.43754798 0.00000000 
96.59754798 0.00000000 
96.75754798 0.00000000 
96.91754798 0.00000000 
97.07754798 0.00000000 
97.23754798 0.00000000 
97.39754798 0.00000000 
97.55754798 0.00000000 
97.71754798 0.00000000 
97.87754798 0.00000000 
98.03754798 0.00000000 
98.19754798 0.00000000 
98.35754798 0.00000000 
98.51754798 0.00000000 
98.67754798 0.00000000 
98.83754798 0.00000000 
98.99754798 0.00000000 
99.15754798 0.00000000 
99.31754798 0.00000000 
99.47754798 0.00000000 
99.63754798 0.00000000 
99.79754798 0.00000000 
99.95754798 0.00000000 
