0.00000000 1.50000000 
0.03200000 1.52400000 
0.06325645 1.54896065 
0.09372924 1.57487222 
0.12338199 1.60171835 
0.15218299 1.62947627 
0.18010594 1.65811731 
0.20713052 1.68760750 
0.23324279 1.71790848 
0.25843527 1.74897839 
0.28270686 1.78077289 
0.30606254 1.81324614 
0.32851288 1.84635176 
0.35007343 1.88004364 
0.37076403 1.91427665 
0.39060806 1.94900725 
0.40963175 1.98419388 
0.42786345 2.01979732 
0.44533302 2.05578085 
0.46207122 2.09211035 
0.47810927 2.12875433 
0.49347838 2.16568386 
0.50820946 2.20287251 
0.52233280 2.24029618 
0.53587790 2.27793300 
0.54887328 2.31576315 
0.56134640 2.35376869 
0.57332356 2.39193343 
0.58482990 2.43024276 
0.59588931 2.46868348 
0.60652452 2.50724372 
0.61675706 2.54591277 
0.62660731 2.58468096 
0.63609452 2.62353959 
0.64523689 2.66248079 
0.65405158 2.70149747 
0.66255479 2.74058321 
0.67076176 2.77973223 
0.67868689 2.81893927 
0.68634374 2.85819959 
0.69374508 2.89750888 
0.70090295 2.93686323 
0.70782872 2.97625909 
0.71453309 3.01569323 
0.72102615 3.05516272 
0.72731745 3.09466486 
0.73341597 3.13419723 
0.73933022 3.17375758 
0.74506821 3.21334389 
0.75063754 3.25295427 
0.75604538 3.29258703 
0.76129852 3.33224058 
0.76640339 3.37191350 
0.77136607 3.41160445 
0.77619233 3.45131223 
0.78088764 3.49103570 
0.78545719 3.53077383 
0.78990590 3.57052567 
0.79423844 3.61029034 
0.79845927 3.65006703 
0.80257260 3.68985497 
0.80658246 3.72965348 
0.81049266 3.76946190 
0.81430684 3.80927963 
0.81802848 3.84910612 
0.82166088 3.88894085 
0.82520719 3.92878334 
0.82867041 3.96863313 
0.83205343 4.00848982 
0.83535897 4.04835300 
0.83858966 4.08822232 
0.84174800 4.12809744 
0.84483638 4.16797803 
0.84785710 4.20786381 
0.85081235 4.24775449 
0.85370422 4.28764982 
0.85653474 4.32754954 
0.85930582 4.36745344 
0.86201931 4.40736130 
0.86467699 4.44727291 
0.86728055 4.48718809 
0.86983164 4.52710665 
0.87233182 4.56702844 
0.87478259 4.60695329 
0.87718540 4.64688106 
0.87954166 4.68681160 
0.88185269 4.72674478 
0.88411978 4.76668048 
0.88634418 4.80661859 
0.88852708 4.84655898 
0.89066962 4.88650156 
0.89277293 4.92644622 
0.89483806 4.96639287 
0.89686604 5.00634143 
0.89885787 5.04629181 
0.90081451 5.08624393 
0.90273687 5.12619771 
0.90462586 5.16615308 
0.90648234 5.20610997 
0.90830713 5.24606833 
0.91010105 5.28602808 
0.91186486 5.32598917 
0.91359933 5.36595155 
0.91530517 5.40591516 
0.91698309 5.44587995 
0.91863378 5.48584588 
0.92025788 5.52581289 
0.92185604 5.56578095 
0.92342888 5.60575002 
0.92497698 5.64572005 
0.92650094 5.68569101 
0.92800130 5.72566286 
0.92947862 5.76563557 
0.93093343 5.80560911 
0.93236623 5.84558344 
0.93377751 5.88555853 
0.93516777 5.92553436 
0.93653747 5.96551091 
0.93788706 6.00548813 
0.93921698 6.04546602 
0.94052765 6.08544454 
0.94181950 6.12542367 
0.94309293 6.16540340 
0.94434832 6.20538369 
0.94558607 6.24536454 
0.94680653 6.28534591 
0.94801007 6.32532780 
0.94919704 6.36531019 
0.95036778 6.40529305 
0.95152261 6.44527638 
0.95266187 6.48526015 
0.95378587 6.52524436 
0.95489490 6.56522898 
0.95598927 6.60521401 
0.95706927 6.64519942 
0.95813517 6.68518522 
0.95918726 6.72517138 
0.96022579 6.76515790 
0.96125104 6.80514475 
0.96226325 6.84513194 
0.96326267 6.88511946 
0.96424954 6.92510728 
0.96522410 6.96509541 
0.96618658 7.00508383 
0.96713719 7.04507253 
0.96807617 7.08506151 
0.96900371 7.12505075 
0.96992003 7.16504025 
0.97082534 7.20503001 
0.97171982 7.24502001 
0.97260367 7.28501024 
0.97347709 7.32500070 
0.97434025 7.36499139 
0.97519333 7.40498229 
0.97603651 7.44497340 
0.97686997 7.48496472 
0.97769386 7.52495623 
0.97850835 7.56494794 
0.97931361 7.60493983 
0.98010979 7.64493191 
0.98089703 7.68492416 
0.98167550 7.72491658 
0.98244534 7.76490918 
0.98320669 7.80490193 
0.98395969 7.84489484 
0.98470447 7.88488791 
0.98544118 7.92488112 
0.98616993 7.96487448 
0.98689087 8.00486799 
0.98760411 8.04486163 
0.98830978 8.08485540 
0.98900800 8.12484931 
0.98969888 8.16484334 
0.99038255 8.20483750 
0.99105910 8.24483178 
0.99172866 8.28482617 
0.99239133 8.32482068 
0.99304722 8.36481530 
0.99369643 8.40481004 
0.99433906 8.44480487 
0.99497521 8.48479981 
0.99560499 8.52479486 
0.99622848 8.56479000 
0.99684577 8.60478523 
0.99745697 8.64478056 
0.99806216 8.68477598 
0.99866143 8.72477150 
0.99925486 8.76476709 
0.99984255 8.80476278 
1.00042457 8.84475854 
1.00100100 8.88475439 
1.00157193 8.92475031 
1.00213743 8.96474631 
1.00269759 9.00474239 
1.00325247 9.04473854 
1.00380215 9.08473477 
1.00434670 9.12473106 
1.00488620 9.16472742 
1.00542072 9.20472385 
1.00595032 9.24472034 
1.00647507 9.28471690 
1.00699504 9.32471352 
1.00751029 9.36471020 
1.00802089 9.40470694 
1.00852689 9.44470374 
1.00902837 9.48470060 
1.00952539 9.52469751 
1.01001799 9.56469448 
1.01050624 9.60469150 
1.01099020 9.64468857 
1.01146992 9.68468569 
1.01194547 9.72468287 
1.01241688 9.76468009 
1.01288423 9.80467736 
1.01334755 9.84467468 
1.01380691 9.88467204 
1.01426234 9.92466944 
1.01471391 9.96466690 
1.01516166 10.00466439 
1.01560564 10.04466193 
1.01604590 10.08465950 
1.01648248 10.12465712 
1.01691543 10.16465478 
1.01734479 10.20465247 
1.01777062 10.24465021 
1.01819294 10.28464798 
1.01861181 10.32464578 
1.01902727 10.36464363 
1.01943936 10.40464150 
1.01984812 10.44463941 
1.02025359 10.48463736 
1.02065581 10.52463534 
1.02105482 10.56463335 
1.02145066 10.60463139 
1.02184336 10.64462946 
1.02223297 10.68462756 
1.02261951 10.72462569 
1.02300303 10.76462386 
1.02338355 10.80462205 
1.02376112 10.84462026 
1.02413578 10.88461851 
1.02450754 10.92461678 
1.02487645 10.96461508 
1.02524254 11.00461341 
1.02560584 11.04461176 
1.02596639 11.08461013 
1.02632421 11.12460853 
1.02667933 11.16460695 
1.02703179 11.20460540 
1.02738161 11.24460387 
1.02772883 11.28460236 
1.02807348 11.32460088 
1.02841557 11.36459942 
1.02875515 11.40459797 
1.02909224 11.44459655 
1.02942686 11.48459515 
1.02975904 11.52459378 
1.03008881 11.56459242 
1.03041620 11.60459108 
1.03074123 11.64458976 
1.03106392 11.68458845 
1.03138431 11.72458717 
1.03170241 11.76458591 
1.03201826 11.80458466 
1.03233187 11.84458343 
1.03264326 11.88458222 
1.03295247 11.92458102 
1.03325951 11.96457984 
1.03356441 12.00457868 
1.03386719 12.04457754 
1.03416788 12.08457641 
1.03446648 12.12457529 
1.03476303 12.16457419 
1.03505755 12.20457311 
1.03535005 12.24457204 
1.03564056 12.28457098 
1.03592910 12.32456994 
1.03621569 12.36456892 
1.03650034 12.40456790 
1.03678308 12.44456690 
1.03706393 12.48456592 
1.03734290 12.52456495 
1.03762002 12.56456399 
1.03789530 12.60456304 
1.03816876 12.64456210 
1.03844041 12.68456118 
1.03871029 12.72456027 
1.03897840 12.76455937 
1.03924476 12.80455848 
1.03950939 12.84455761 
1.03977230 12.88455675 
1.04003351 12.92455589 
1.04029305 12.96455505 
1.04055091 13.00455422 
1.04080713 13.04455340 
1.04106172 13.08455259 
1.04131468 13.12455179 
1.04156605 13.16455100 
1.04181582 13.20455022 
1.04206402 13.24454945 
1.04231067 13.28454869 
1.04255577 13.32454794 
1.04279934 13.36454720 
1.04304140 13.40454646 
1.04328196 13.44454574 
1.04352103 13.48454503 
1.04375863 13.52454432 
1.04399477 13.56454362 
1.04422946 13.60454293 
1.04446272 13.64454225 
1.04469456 13.68454158 
1.04492500 13.72454092 
1.04515404 13.76454026 
1.04538170 13.80453962 
1.04560799 13.84453897 
1.04583292 13.88453834 
1.04605651 13.92453772 
1.04627877 13.96453710 
1.04649971 14.00453649 
1.04671934 14.04453589 
1.04693767 14.08453529 
1.04715472 14.12453470 
1.04737049 14.16453412 
1.04758500 14.20453355 
1.04779825 14.24453298 
1.04801027 14.28453241 
1.04822106 14.32453186 
1.04843062 14.36453131 
1.04863898 14.40453077 
1.04884614 14.44453023 
1.04905211 14.48452970 
1.04925690 14.52452918 
1.04946053 14.56452866 
1.04966299 14.60452815 
1.04986431 14.64452764 
1.05006449 14.68452714 
1.05026354 14.72452664 
1.05046147 14.76452615 
1.05065830 14.80452567 
1.05085402 14.84452519 
1.05104865 14.88452472 
1.05124220 14.92452425 
1.05143467 14.96452379 
1.05162608 15.00452333 
1.05181644 15.04452287 
1.05200575 15.08452243 
1.05219402 15.12452198 
1.05238126 15.16452155 
1.05256748 15.20452111 
1.05275268 15.24452068 
1.05293688 15.28452026 
1.05312009 15.32451984 
1.05330231 15.36451942 
1.05348354 15.40451901 
1.05366381 15.44451861 
1.05384311 15.48451821 
1.05402145 15.52451781 
1.05419884 15.56451741 
1.05437529 15.60451703 
1.05455081 15.64451664 
1.05472540 15.68451626 
1.05489907 15.72451588 
1.05507183 15.76451551 
1.05524368 15.80451514 
1.05541463 15.84451477 
1.05558470 15.88451441 
1.05575388 15.92451406 
1.05592218 15.96451370 
1.05608961 16.00451335 
1.05625618 16.04451300 
1.05642189 16.08451266 
1.05658675 16.12451232 
1.05675077 16.16451199 
1.05691395 16.20451165 
1.05707629 16.24451132 
1.05723782 16.28451100 
1.05739852 16.32451067 
1.05755842 16.36451035 
1.05771750 16.40451004 
1.05787579 16.44450972 
1.05803328 16.48450941 
1.05818999 16.52450911 
1.05834591 16.56450880 
1.05850106 16.60450850 
1.05865543 16.64450821 
1.05880905 16.68450791 
1.05896190 16.72450762 
1.05911400 16.76450733 
1.05926535 16.80450704 
1.05941596 16.84450676 
1.05956583 16.88450648 
1.05971497 16.92450620 
1.05986338 16.96450592 
1.06001108 17.00450565 
1.06015805 17.04450538 
1.06030432 17.08450511 
1.06044988 17.12450485 
1.06059474 17.16450459 
1.06073891 17.20450433 
1.06088239 17.24450407 
1.06102518 17.28450382 
1.06116729 17.32450356 
1.06130872 17.36450331 
1.06144949 17.40450307 
1.06158959 17.44450282 
1.06172902 17.48450258 
1.06186780 17.52450234 
1.06200593 17.56450210 
1.06214341 17.60450186 
1.06228025 17.64450163 
1.06241645 17.68450140 
1.06255202 17.72450117 
1.06268695 17.76450094 
1.06282127 17.80450071 
1.06295496 17.84450049 
1.06308803 17.88450027 
1.06322049 17.92450005 
1.06335235 17.96449983 
1.06348360 18.00449962 
1.06361425 18.04449940 
1.06374431 18.08449919 
1.06387377 18.12449898 
1.06400265 18.16449877 
1.06413094 18.20449857 
1.06425865 18.24449836 
1.06438579 18.28449816 
1.06451236 18.32449796 
1.06463835 18.36449776 
1.06476379 18.40449757 
1.06488866 18.44449737 
1.06501298 18.48449718 
1.06513675 18.52449699 
1.06525996 18.56449680 
1.06538263 18.60449661 
1.06550476 18.64449642 
1.06562635 18.68449624 
1.06574741 18.72449606 
1.06586793 18.76449587 
1.06598793 18.80449569 
1.06610740 18.84449552 
1.06622635 18.88449534 
1.06634478 18.92449516 
1.06646270 18.96449499 
1.06658011 19.00449482 
1.06669701 19.04449465 
1.06681341 19.08449448 
1.06692931 19.12449431 
1.06704471 19.16449414 
1.06715961 19.20449398 
1.06727403 19.24449381 
1.06738795 19.28449365 
1.06750139 19.32449349 
1.06761435 19.36449333 
1.06772683 19.40449317 
1.06783883 19.44449302 
1.06795036 19.48449286 
1.06806142 19.52449271 
1.06817202 19.56449255 
1.06828215 19.60449240 
1.06839182 19.64449225 
1.06850103 19.68449210 
1.06860978 19.72449195 
1.06871809 19.76449181 
1.06882594 19.80449166 
1.06893335 19.84449152 
1.06904031 19.88449138 
1.06914683 19.92449123 
1.06925292 19.96449109 
1.06935857 20.00449095 
1.06946378 20.04449081 
1.06956856 20.08449068 
1.06967292 20.12449054 
1.06977685 20.16449041 
1.06988036 20.20449027 
1.06998345 20.24449014 
1.07008612 20.28449001 
1.07018837 20.32448988 
1.07029021 20.36448975 
1.07039165 20.40448962 
1.07049267 20.44448949 
1.07059329 20.48448936 
1.07069351 20.52448924 
1.07079333 20.56448911 
1.07089275 20.60448899 
1.07099177 20.64448887 
1.07109040 20.68448875 
1.07118864 20.72448863 
1.07128650 20.76448851 
1.07138396 20.80448839 
1.07148104 20.84448827 
1.07157774 20.88448815 
1.07167406 20.92448804 
1.07177001 20.96448792 
1.07186558 21.00448781 
1.07196077 21.04448769 
1.07205560 21.08448758 
1.07215006 21.12448747 
1.07224415 21.16448736 
1.07233787 21.20448725 
1.07243124 21.24448714 
1.07252424 21.28448703 
1.07261689 21.32448693 
1.07270918 21.36448682 
1.07280112 21.40448671 
1.07289270 21.44448661 
1.07298394 21.48448651 
1.07307483 21.52448640 
1.07316537 21.56448630 
1.07325557 21.60448620 
1.07334543 21.64448610 
1.07343495 21.68448600 
1.07352413 21.72448590 
1.07361297 21.76448580 
1.07370148 21.80448570 
1.07378966 21.84448560 
1.07387750 21.88448551 
1.07396502 21.92448541 
1.07405221 21.96448532 
1.07413908 22.00448522 
1.07422562 22.04448513 
1.07431185 22.08448504 
1.07439775 22.12448494 
1.07448333 22.16448485 
1.07456860 22.20448476 
1.07465356 22.24448467 
1.07473820 22.28448458 
1.07482253 22.32448449 
1.07490656 22.36448440 
1.07499027 22.40448432 
1.07507368 22.44448423 
1.07515679 22.48448414 
1.07523959 22.52448406 
1.07532210 22.56448397 
1.07540430 22.60448389 
1.07548621 22.64448380 
1.07556782 22.68448372 
1.07564914 22.72448364 
1.07573016 22.76448356 
1.07581089 22.80448347 
1.07589134 22.84448339 
1.07597149 22.88448331 
1.07605136 22.92448323 
1.07613095 22.96448315 
1.07621025 23.00448308 
1.07628927 23.04448300 
1.07636801 23.08448292 
1.07644647 23.12448284 
1.07652465 23.16448277 
1.07660256 23.20448269 
1.07668019 23.24448262 
1.07675755 23.28448254 
1.07683464 23.32448247 
1.07691146 23.36448239 
1.07698801 23.40448232 
1.07706429 23.44448225 
1.07714031 23.48448217 
1.07721606 23.52448210 
1.07729155 23.56448203 
1.07736678 23.60448196 
1.07744174 23.64448189 
1.07751645 23.68448182 
1.07759090 23.72448175 
1.07766510 23.76448168 
1.07773904 23.80448161 
1.07781272 23.84448155 
1.07788615 23.88448148 
1.07795934 23.92448141 
1.07803227 23.96448135 
1.07810495 24.00448128 
1.07817739 24.04448121 
1.07824958 24.08448115 
1.07832152 24.12448108 
1.07839322 24.16448102 
1.07846468 24.20448096 
1.07853590 24.24448089 
1.07860688 24.28448083 
1.07867762 24.32448077 
1.07874812 24.36448070 
1.07881839 24.40448064 
1.07888842 24.44448058 
1.07895822 24.48448052 
1.07902778 24.52448046 
1.07909711 24.56448040 
1.07916622 24.60448034 
1.07923509 24.64448028 
1.07930373 24.68448022 
1.07937215 24.72448016 
1.07944035 24.76448011 
1.07950831 24.80448005 
1.07957606 24.84447999 
1.07964358 24.88447993 
1.07971088 24.92447988 
1.07977796 24.96447982 
1.07984482 25.00447976 
1.07991146 25.04447971 
1.07997789 25.08447965 
1.08004409 25.12447960 
1.08011009 25.16447954 
1.08017587 25.20447949 
1.08024144 25.24447944 
1.08030679 25.28447938 
1.08037194 25.32447933 
1.08043687 25.36447928 
1.08050160 25.40447923 
1.08056611 25.44447917 
1.08063042 25.48447912 
1.08069453 25.52447907 
1.08075843 25.56447902 
1.08082213 25.60447897 
1.08088562 25.64447892 
1.08094891 25.68447887 
1.08101200 25.72447882 
1.08107489 25.76447877 
1.08113758 25.80447872 
1.08120008 25.84447867 
1.08126237 25.88447862 
1.08132447 25.92447857 
1.08138638 25.96447853 
1.08144809 26.00447848 
1.08150960 26.04447843 
1.08157093 26.08447838 
1.08163206 26.12447834 
1.08169300 26.16447829 
1.08175376 26.20447825 
1.08181432 26.24447820 
1.08187469 26.28447815 
1.08193488 26.32447811 
1.08199488 26.36447806 
1.08205470 26.40447802 
1.08211433 26.44447797 
1.08217378 26.48447793 
1.08223304 26.52447789 
1.08229212 26.56447784 
1.08235102 26.60447780 
1.08240974 26.64447776 
1.08246828 26.68447771 
1.08252665 26.72447767 
1.08258483 26.76447763 
1.08264284 26.80447759 
1.08270067 26.84447754 
1.08275832 26.88447750 
1.08281580 26.92447746 
1.08287311 26.96447742 
1.08293024 27.00447738 
1.08298720 27.04447734 
1.08304399 27.08447730 
1.08310061 27.12447726 
1.08315706 27.16447722 
1.08321334 27.20447718 
1.08326945 27.24447714 
1.08332539 27.28447710 
1.08338117 27.32447706 
1.08343677 27.36447702 
1.08349222 27.40447699 
1.08354750 27.44447695 
1.08360261 27.48447691 
1.08365756 27.52447687 
1.08371235 27.56447683 
1.08376698 27.60447680 
1.08382145 27.64447676 
1.08387575 27.68447672 
1.08392990 27.72447669 
1.08398388 27.76447665 
1.08403771 27.80447661 
1.08409138 27.84447658 
1.08414490 27.88447654 
1.08419825 27.92447651 
1.08425146 27.96447647 
1.08430450 28.00447644 
1.08435740 28.04447640 
1.08441014 28.08447637 
1.08446272 28.12447633 
1.08451516 28.16447630 
1.08456744 28.20447626 
1.08461957 28.24447623 
1.08467155 28.28447619 
1.08472338 28.32447616 
1.08477507 28.36447613 
1.08482660 28.40447609 
1.08487799 28.44447606 
1.08492923 28.48447603 
1.08498032 28.52447600 
1.08503127 28.56447596 
1.08508207 28.60447593 
1.08513273 28.64447590 
1.08518324 28.68447587 
1.08523361 28.72447584 
1.08528384 28.76447580 
1.08533393 28.80447577 
1.08538387 28.84447574 
1.08543367 28.88447571 
1.08548334 28.92447568 
1.08553286 28.96447565 
1.08558224 29.00447562 
1.08563149 29.04447559 
1.08568060 29.08447556 
1.08572957 29.12447553 
1.08577840 29.16447550 
1.08582710 29.20447547 
1.08587566 29.24447544 
1.08592409 29.28447541 
1.08597238 29.32447538 
1.08602054 29.36447535 
1.08606856 29.40447532 
1.08611645 29.44447529 
1.08616421 29.48447527 
1.08621184 29.52447524 
1.08625933 29.56447521 
1.08630670 29.60447518 
1.08635394 29.64447515 
1.08640104 29.68447513 
1.08644802 29.72447510 
1.08649487 29.76447507 
1.08654159 29.80447504 
1.08658818 29.84447502 
1.08663465 29.88447499 
1.08668098 29.92447496 
1.08672720 29.96447494 
1.08677329 30.00447491 
1.08681925 30.04447488 
1.08686509 30.08447486 
1.08691080 30.12447483 
1.08695639 30.16447480 
1.08700186 30.20447478 
1.08704721 30.24447475 
1.08709243 30.28447473 
1.08713754 30.32447470 
1.08718252 30.36447468 
1.08722738 30.40447465 
1.08727212 30.44447463 
1.08731674 30.48447460 
1.08736124 30.52447458 
1.08740563 30.56447455 
1.08744989 30.60447453 
1.08749404 30.64447450 
1.08753807 30.68447448 
1.08758199 30.72447445 
1.08762579 30.76447443 
1.08766947 30.80447441 
1.08771304 30.84447438 
1.08775649 30.88447436 
1.08779983 30.92447434 
1.08784306 30.96447431 
1.08788617 31.00447429 
1.08792916 31.04447427 
1.08797205 31.08447424 
1.08801482 31.12447422 
1.08805748 31.16447420 
1.08810004 31.20447418 
1.08814247 31.24447415 
1.08818480 31.28447413 
1.08822702 31.32447411 
1.08826913 31.36447409 
1.08831113 31.40447406 
1.08835303 31.44447404 
1.08839481 31.48447402 
1.08843649 31.52447400 
1.08847805 31.56447398 
1.08851952 31.60447396 
1.08856087 31.64447393 
1.08860212 31.68447391 
1.08864326 31.72447389 
1.08868430 31.76447387 
1.08872523 31.80447385 
1.08876606 31.84447383 
1.08880678 31.88447381 
1.08884740 31.92447379 
1.08888792 31.96447377 
1.08892833 32.00447375 
1.08896864 32.04447373 
1.08900885 32.08447371 
1.08904896 32.12447369 
1.08908897 32.16447367 
1.08912887 32.20447365 
1.08916868 32.24447363 
1.08920838 32.28447361 
1.08924798 32.32447359 
1.08928749 32.36447357 
1.08932689 32.40447355 
1.08936620 32.44447353 
1.08940541 32.48447351 
1.08944452 32.52447349 
1.08948353 32.56447347 
1.08952244 32.60447345 
1.08956126 32.64447343 
1.08959998 32.68447341 
1.08963861 32.72447340 
1.08967714 32.76447338 
1.08971557 32.80447336 
1.08975391 32.84447334 
1.08979216 32.88447332 
1.08983030 32.92447330 
1.08986836 32.96447329 
1.08990632 33.00447327 
1.08994419 33.04447325 
1.08998197 33.08447323 
1.09001965 33.12447321 
1.09005724 33.16447320 
1.09009474 33.20447318 
1.09013214 33.24447316 
1.09016946 33.28447314 
1.09020668 33.32447313 
1.09024382 33.36447311 
1.09028086 33.40447309 
1.09031781 33.44447308 
1.09035468 33.48447306 
1.09039145 33.52447304 
1.09042813 33.56447302 
1.09046473 33.60447301 
1.09050124 33.64447299 
1.09053766 33.68447297 
1.09057399 33.72447296 
1.09061023 33.76447294 
1.09064639 33.80447293 
1.09068246 33.84447291 
1.09071845 33.88447289 
1.09075434 33.92447288 
1.09079016 33.96447286 
1.09082588 34.00447285 
1.09086152 34.04447283 
1.09089708 34.08447281 
1.09093255 34.12447280 
1.09096794 34.16447278 
1.09100324 34.20447277 
1.09103846 34.24447275 
1.09107360 34.28447274 
1.09110865 34.32447272 
1.09114362 34.36447270 
1.09117851 34.40447269 
1.09121331 34.44447267 
1.09124803 34.48447266 
1.09128267 34.52447264 
1.09131723 34.56447263 
1.09135171 34.60447261 
1.09138611 34.64447260 
1.09142043 34.68447259 
1.09145467 34.72447257 
1.09148882 34.76447256 
1.09152290 34.80447254 
1.09155690 34.84447253 
1.09159082 34.88447251 
1.09162466 34.92447250 
1.09165842 34.96447248 
1.09169210 35.00447247 
1.09172570 35.04447246 
1.09175923 35.08447244 
1.09179268 35.12447243 
1.09182605 35.16447241 
1.09185935 35.20447240 
1.09189257 35.24447239 
1.09192571 35.28447237 
1.09195877 35.32447236 
1.09199176 35.36447235 
1.09202468 35.40447233 
1.09205752 35.44447232 
1.09209028 35.48447230 
1.09212297 35.52447229 
1.09215558 35.56447228 
1.09218812 35.60447226 
1.09222059 35.64447225 
1.09225298 35.68447224 
1.09228530 35.72447223 
1.09231754 35.76447221 
1.09234971 35.80447220 
1.09238181 35.84447219 
1.09241384 35.88447217 
1.09244579 35.92447216 
1.09247767 35.96447215 
1.09250948 36.00447214 
1.09254122 36.04447212 
1.09257289 36.08447211 
1.09260448 36.12447210 
1.09263601 36.16447209 
1.09266746 36.20447207 
1.09269885 36.24447206 
1.09273016 36.28447205 
1.09276140 36.32447204 
1.09279258 36.36447202 
1.09282368 36.40447201 
1.09285471 36.44447200 
1.09288568 36.48447199 
1.09291658 36.52447198 
1.09294740 36.56447196 
1.09297816 36.60447195 
1.09300886 36.64447194 
1.09303948 36.68447193 
1.09307004 36.72447192 
1.09310053 36.76447191 
1.09313095 36.80447189 
1.09316130 36.84447188 
1.09319159 36.88447187 
1.09322181 36.92447186 
1.09325196 36.96447185 
1.09328205 37.00447184 
1.09331208 37.04447183 
1.09334203 37.08447181 
1.09337192 37.12447180 
1.09340175 37.16447179 
1.09343151 37.20447178 
1.09346121 37.24447177 
1.09349084 37.28447176 
1.09352041 37.32447175 
1.09354991 37.36447174 
1.09357935 37.40447173 
1.09360872 37.44447172 
1.09363804 37.48447171 
1.09366728 37.52447169 
1.09369647 37.56447168 
1.09372559 37.60447167 
1.09375465 37.64447166 
1.09378365 37.68447165 
1.09381258 37.72447164 
1.09384145 37.76447163 
1.09387026 37.80447162 
1.09389901 37.84447161 
1.09392770 37.88447160 
1.09395633 37.92447159 
1.09398489 37.96447158 
1.09401339 38.00447157 
1.09404184 38.04447156 
1.09407022 38.08447155 
1.09409854 38.12447154 
1.09412680 38.16447153 
1.09415500 38.20447152 
1.09418314 38.24447151 
1.09421123 38.28447150 
1.09423925 38.32447149 
1.09426721 38.36447148 
1.09429512 38.40447147 
1.09432296 38.44447146 
1.09435075 38.48447145 
1.09437848 38.52447144 
1.09440615 38.56447143 
1.09443376 38.60447142 
1.09446131 38.64447141 
1.09448881 38.68447140 
1.09451625 38.72447139 
1.09454363 38.76447138 
1.09457095 38.80447138 
1.09459822 38.84447137 
1.09462543 38.88447136 
1.09465258 38.92447135 
1.09467968 38.96447134 
1.09470672 39.00447133 
1.09473370 39.04447132 
1.09476063 39.08447131 
1.09478751 39.12447130 
1.09481432 39.16447129 
1.09484108 39.20447128 
1.09486779 39.24447128 
1.09489444 39.28447127 
1.09492104 39.32447126 
1.09494758 39.36447125 
1.09497406 39.40447124 
1.09500050 39.44447123 
1.09502687 39.48447122 
1.09505320 39.52447121 
1.09507947 39.56447121 
1.09510568 39.60447120 
1.09513185 39.64447119 
1.09515796 39.68447118 
1.09518401 39.72447117 
1.09521001 39.76447116 
1.09523596 39.80447115 
1.09526186 39.84447115 
1.09528770 39.88447114 
1.09531350 39.92447113 
1.09533924 39.96447112 
1.09536492 40.00447111 
1.09539056 40.04447110 
1.09541614 40.08447110 
1.09544167 40.12447109 
1.09546715 40.16447108 
1.09549258 40.20447107 
1.09551796 40.24447106 
1.09554329 40.28447106 
1.09556856 40.32447105 
1.09559379 40.36447104 
1.09561896 40.40447103 
1.09564408 40.44447102 
1.09566916 40.48447102 
1.09569418 40.52447101 
1.09571915 40.56447100 
1.09574408 40.60447099 
1.09576895 40.64447099 
1.09579378 40.68447098 
1.09581855 40.72447097 
1.09584328 40.76447096 
1.09586795 40.80447095 
1.09589258 40.84447095 
1.09591716 40.88447094 
1.09594169 40.92447093 
1.09596617 40.96447092 
1.09599060 41.00447092 
1.09601499 41.04447091 
1.09603933 41.08447090 
1.09606361 41.12447089 
1.09608786 41.16447089 
1.09611205 41.20447088 
1.09613619 41.24447087 
1.09616029 41.28447087 
1.09618434 41.32447086 
1.09620835 41.36447085 
1.09623230 41.40447084 
1.09625622 41.44447084 
1.09628008 41.48447083 
1.09630390 41.52447082 
1.09632767 41.56447082 
1.09635139 41.60447081 
1.09637507 41.64447080 
1.09639870 41.68447079 
1.09642229 41.72447079 
1.09644583 41.76447078 
1.09646932 41.80447077 
1.09649277 41.84447077 
1.09651617 41.88447076 
1.09653953 41.92447075 
1.09656285 41.96447075 
1.09658612 42.00447074 
1.09660934 42.04447073 
1.09663252 42.08447073 
1.09665565 42.12447072 
1.09667874 42.16447071 
1.09670179 42.20447071 
1.09672479 42.24447070 
1.09674775 42.28447069 
1.09677066 42.32447069 
1.09679353 42.36447068 
1.09681636 42.40447067 
1.09683914 42.44447067 
1.09686188 42.48447066 
1.09688457 42.52447065 
1.09690723 42.56447065 
1.09692984 42.60447064 
1.09695240 42.64447063 
1.09697493 42.68447063 
1.09699741 42.72447062 
1.09701985 42.76447062 
1.09704224 42.80447061 
1.09706460 42.84447060 
1.09708691 42.88447060 
1.09710918 42.92447059 
1.09713140 42.96447058 
1.09715359 43.00447058 
1.09717573 43.04447057 
1.09719784 43.08447057 
1.09721990 43.12447056 
1.09724192 43.16447055 
1.09726389 43.20447055 
1.09728583 43.24447054 
1.09730773 43.28447054 
1.09732958 43.32447053 
1.09735139 43.36447052 
1.09737317 43.40447052 
1.09739490 43.44447051 
1.09741659 43.48447051 
1.09743824 43.52447050 
1.09745986 43.56447049 
1.09748143 43.60447049 
1.09750296 43.64447048 
1.09752445 43.68447048 
1.09754590 43.72447047 
1.09756731 43.76447047 
1.09758869 43.80447046 
1.09761002 43.84447045 
1.09763131 43.88447045 
1.09765257 43.92447044 
1.09767378 43.96447044 
1.09769496 44.00447043 
1.09771610 44.04447043 
1.09773720 44.08447042 
1.09775826 44.12447042 
1.09777928 44.16447041 
1.09780026 44.20447040 
1.09782120 44.24447040 
1.09784211 44.28447039 
1.09786298 44.32447039 
1.09788381 44.36447038 
1.09790460 44.40447038 
1.09792535 44.44447037 
1.09794607 44.48447037 
1.09796675 44.52447036 
1.09798739 44.56447036 
1.09800799 44.60447035 
1.09802856 44.64447034 
1.09804909 44.68447034 
1.09806958 44.72447033 
1.09809003 44.76447033 
1.09811045 44.80447032 
1.09813083 44.84447032 
1.09815117 44.88447031 
1.09817148 44.92447031 
1.09819175 44.96447030 
1.09821199 45.00447030 
1.09823218 45.04447029 
1.09825235 45.08447029 
1.09827247 45.12447028 
1.09829256 45.16447028 
1.09831261 45.20447027 
1.09833263 45.24447027 
1.09835261 45.28447026 
1.09837256 45.32447026 
1.09839247 45.36447025 
1.09841235 45.40447025 
1.09843219 45.44447024 
1.09845199 45.48447024 
1.09847176 45.52447023 
1.09849149 45.56447023 
1.09851119 45.60447022 
1.09853086 45.64447022 
1.09855049 45.68447021 
1.09857008 45.72447021 
1.09858964 45.76447020 
1.09860917 45.80447020 
1.09862866 45.84447019 
1.09864811 45.88447019 
1.09866753 45.92447019 
1.09868692 45.96447018 
1.09870628 46.00447018 
1.09872560 46.04447017 
1.09874488 46.08447017 
1.09876413 46.12447016 
1.09878335 46.16447016 
1.09880254 46.20447015 
1.09882169 46.24447015 
1.09884081 46.28447014 
1.09885989 46.32447014 
1.09887894 46.36447013 
1.09889796 46.40447013 
1.09891694 46.44447013 
1.09893590 46.48447012 
1.09895481 46.52447012 
1.09897370 46.56447011 
1.09899255 46.60447011 
1.09901137 46.64447010 
1.09903016 46.68447010 
1.09904892 46.72447009 
1.09906764 46.76447009 
1.09908633 46.80447009 
1.09910499 46.84447008 
1.09912361 46.88447008 
1.09914221 46.92447007 
1.09916077 46.96447007 
1.09917930 47.00447006 
1.09919780 47.04447006 
1.09921626 47.08447006 
1.09923470 47.12447005 
1.09925310 47.16447005 
1.09927147 47.20447004 
1.09928981 47.24447004 
1.09930812 47.28447003 
1.09932639 47.32447003 
1.09934464 47.36447003 
1.09936286 47.40447002 
1.09938104 47.44447002 
1.09939919 47.48447001 
1.09941731 47.52447001 
1.09943540 47.56447001 
1.09945346 47.60447000 
1.09947149 47.64447000 
1.09948949 47.68446999 
1.09950746 47.72446999 
1.09952540 47.76446999 
1.09954331 47.80446998 
1.09956118 47.84446998 
1.09957903 47.88446997 
1.09959685 47.92446997 
1.09961464 47.96446997 
1.09963239 48.00446996 
1.09965012 48.04446996 
1.09966782 48.08446995 
1.09968549 48.12446995 
1.09970312 48.16446995 
1.09972073 48.20446994 
1.09973831 48.24446994 
1.09975586 48.28446993 
1.09977338 48.32446993 
1.09979087 48.36446993 
1.09980833 48.40446992 
1.09982576 48.44446992 
1.09984317 48.48446992 
1.09986054 48.52446991 
1.09987789 48.56446991 
1.09989520 48.60446990 
1.09991249 48.64446990 
1.09992975 48.68446990 
1.09994698 48.72446989 
1.09996418 48.76446989 
1.09998136 48.80446989 
1.09999850 48.84446988 
1.10001562 48.88446988 
1.10003270 48.92446987 
1.10004976 48.96446987 
1.10006680 49.00446987 
1.10008380 49.04446986 
1.10010078 49.08446986 
1.10011772 49.12446986 
1.10013464 49.16446985 
1.10015153 49.20446985 
1.10016840 49.24446985 
1.10018524 49.28446984 
1.10020204 49.32446984 
1.10021883 49.36446983 
1.10023558 49.40446983 
1.10025231 49.44446983 
1.10026901 49.48446982 
1.10028568 49.52446982 
1.10030232 49.56446982 
1.10031894 49.60446981 
1.10033553 49.64446981 
1.10035210 49.68446981 
1.10036863 49.72446980 
1.10038514 49.76446980 
1.10040162 49.80446980 
1.10041808 49.84446979 
1.10043451 49.88446979 
1.10045091 49.92446979 
1.10046729 49.96446978 
1.10048364 50.00446978 
1.10049996 50.04446978 
1.10051626 50.08446977 
1.10053253 50.12446977 
1.10054878 50.16446977 
1.10056500 50.20446976 
1.10058119 50.24446976 
1.10059735 50.28446976 
1.10061349 50.32446975 
1.10062961 50.36446975 
1.10064570 50.40446975 
1.10066176 50.44446974 
1.10067780 50.48446974 
1.10069381 50.52446974 
1.10070980 50.56446973 
1.10072576 50.60446973 
1.10074169 50.64446973 
1.10075760 50.68446972 
1.10077348 50.72446972 
1.10078934 50.76446972 
1.10080518 50.80446972 
1.10082099 50.84446971 
1.10083677 50.88446971 
1.10085253 50.92446971 
1.10086826 50.96446970 
1.10088397 51.00446970 
1.10089965 51.04446970 
1.10091531 51.08446969 
1.10093094 51.12446969 
1.10094655 51.16446969 
1.10096214 51.20446968 
1.10097770 51.24446968 
1.10099323 51.28446968 
1.10100875 51.32446968 
1.10102423 51.36446967 
1.10103969 51.40446967 
1.10105513 51.44446967 
1.10107055 51.48446966 
1.10108594 51.52446966 
1.10110130 51.56446966 
1.10111664 51.60446965 
1.10113196 51.64446965 
1.10114725 51.68446965 
1.10116252 51.72446965 
1.10117777 51.76446964 
1.10119299 51.80446964 
1.10120819 51.84446964 
1.10122336 51.88446963 
1.10123851 51.92446963 
1.10125364 51.96446963 
1.10126874 52.00446963 
1.10128382 52.04446962 
1.10129888 52.08446962 
1.10131392 52.12446962 
1.10132893 52.16446961 
1.10134391 52.20446961 
1.10135888 52.24446961 
1.10137382 52.28446961 
1.10138873 52.32446960 
1.10140363 52.36446960 
1.10141850 52.40446960 
1.10143335 52.44446960 
1.10144818 52.48446959 
1.10146298 52.52446959 
1.10147776 52.56446959 
1.10149252 52.60446958 
1.10150725 52.64446958 
1.10152196 52.68446958 
1.10153665 52.72446958 
1.10155132 52.76446957 
1.10156597 52.80446957 
1.10158059 52.84446957 
1.10159519 52.88446957 
1.10160977 52.92446956 
1.10162432 52.96446956 
1.10163886 53.00446956 
1.10165337 53.04446955 
1.10166786 53.08446955 
1.10168232 53.12446955 
1.10169677 53.16446955 
1.10171119 53.20446954 
1.10172559 53.24446954 
1.10173997 53.28446954 
1.10175433 53.32446954 
1.10176867 53.36446953 
1.10178298 53.40446953 
1.10179727 53.44446953 
1.10181155 53.48446953 
1.10182579 53.52446952 
1.10184002 53.56446952 
1.10185423 53.60446952 
1.10186841 53.64446952 
1.10188258 53.68446951 
1.10189672 53.72446951 
1.10191084 53.76446951 
1.10192494 53.80446951 
1.10193902 53.84446950 
1.10195308 53.88446950 
1.10196712 53.92446950 
1.10198113 53.96446950 
1.10199513 54.00446949 
1.10200910 54.04446949 
1.10202305 54.08446949 
1.10203699 54.12446949 
1.10205090 54.16446948 
1.10206479 54.20446948 
1.10207866 54.24446948 
1.10209251 54.28446948 
1.10210634 54.32446947 
1.10212014 54.36446947 
1.10213393 54.40446947 
1.10214770 54.44446947 
1.10216145 54.48446947 
1.10217517 54.52446946 
1.10218888 54.56446946 
1.10220256 54.60446946 
1.10221623 54.64446946 
1.10222988 54.68446945 
1.10224350 54.72446945 
1.10225711 54.76446945 
1.10227069 54.80446945 
1.10228426 54.84446944 
1.10229780 54.88446944 
1.10231133 54.92446944 
1.10232483 54.96446944 
1.10233832 55.00446944 
1.10235178 55.04446943 
1.10236523 55.08446943 
1.10237866 55.12446943 
1.10239206 55.16446943 
1.10240545 55.20446942 
1.10241882 55.24446942 
1.10243217 55.28446942 
1.10244549 55.32446942 
1.10245880 55.36446941 
1.10247209 55.40446941 
1.10248536 55.44446941 
1.10249861 55.48446941 
1.10251185 55.52446941 
1.10252506 55.56446940 
1.10253825 55.60446940 
1.10255143 55.64446940 
1.10256458 55.68446940 
1.10257772 55.72446940 
1.10259083 55.76446939 
1.10260393 55.80446939 
1.10261701 55.84446939 
1.10263007 55.88446939 
1.10264311 55.92446938 
1.10265613 55.96446938 
1.10266914 56.00446938 
1.10268212 56.04446938 
1.10269509 56.08446938 
1.10270804 56.12446937 
1.10272097 56.16446937 
1.10273388 56.20446937 
1.10274677 56.24446937 
1.10275964 56.28446937 
1.10277250 56.32446936 
1.10278533 56.36446936 
1.10279815 56.40446936 
1.10281095 56.44446936 
1.10282373 56.48446936 
1.10283650 56.52446935 
1.10284924 56.56446935 
1.10286197 56.60446935 
1.10287468 56.64446935 
1.10288737 56.68446935 
1.10290004 56.72446934 
1.10291269 56.76446934 
1.10292533 56.80446934 
1.10293795 56.84446934 
1.10295055 56.88446934 
1.10296313 56.92446933 
1.10297570 56.96446933 
1.10298824 57.00446933 
1.10300077 57.04446933 
1.10301328 57.08446933 
1.10302578 57.12446932 
1.10303826 57.16446932 
1.10305071 57.20446932 
1.10306315 57.24446932 
1.10307558 57.28446932 
1.10308798 57.32446931 
1.10310037 57.36446931 
1.10311274 57.40446931 
1.10312510 57.44446931 
1.10313743 57.48446931 
1.10314975 57.52446930 
1.10316206 57.56446930 
1.10317434 57.60446930 
1.10318661 57.64446930 
1.10319886 57.68446930 
1.10321109 57.72446929 
1.10322331 57.76446929 
1.10323551 57.80446929 
1.10324769 57.84446929 
1.10325985 57.88446929 
1.10327200 57.92446929 
1.10328413 57.96446928 
1.10329625 58.00446928 
1.10330834 58.04446928 
1.10332042 58.08446928 
1.10333249 58.12446928 
1.10334453 58.16446927 
1.10335656 58.20446927 
1.10336858 58.24446927 
1.10338058 58.28446927 
1.10339256 58.32446927 
1.10340452 58.36446927 
1.10341647 58.40446926 
1.10342840 58.44446926 
1.10344031 58.48446926 
1.10345221 58.52446926 
1.10346409 58.56446926 
1.10347596 58.60446926 
1.10348781 58.64446925 
1.10349964 58.68446925 
1.10351145 58.72446925 
1.10352325 58.76446925 
1.10353504 58.80446925 
1.10354681 58.84446924 
1.10355856 58.88446924 
1.10357029 58.92446924 
1.10358201 58.96446924 
1.10359371 59.00446924 
1.10360540 59.04446924 
1.10361707 59.08446923 
1.10362873 59.12446923 
1.10364037 59.16446923 
1.10365199 59.20446923 
1.10366360 59.24446923 
1.10367519 59.28446923 
1.10368677 59.32446922 
1.10369833 59.36446922 
1.10370987 59.40446922 
1.10372140 59.44446922 
1.10373292 59.48446922 
1.10374441 59.52446922 
1.10375590 59.56446921 
1.10376736 59.60446921 
1.10377881 59.64446921 
1.10379025 59.68446921 
1.10380167 59.72446921 
1.10381307 59.76446921 
1.10382446 59.80446920 
1.10383584 59.84446920 
1.10384720 59.88446920 
1.10385854 59.92446920 
1.10386987 59.96446920 
1.10388118 60.00446920 
1.10389248 60.04446919 
1.10390376 60.08446919 
1.10391503 60.12446919 
1.10392628 60.16446919 
1.10393752 60.20446919 
1.10394874 60.24446919 
1.10395995 60.28446919 
1.10397114 60.32446918 
1.10398232 60.36446918 
1.10399348 60.40446918 
1.10400463 60.44446918 
1.10401576 60.48446918 
1.10402688 60.52446918 
1.10403798 60.56446917 
1.10404907 60.60446917 
1.10406014 60.64446917 
1.10407120 60.68446917 
1.10408224 60.72446917 
1.10409327 60.76446917 
1.10410429 60.80446917 
1.10411529 60.84446916 
1.10412627 60.88446916 
1.10413724 60.92446916 
1.10414820 60.96446916 
1.10415914 61.00446916 
1.10417007 61.04446916 
1.10418098 61.08446915 
1.10419188 61.12446915 
1.10420276 61.16446915 
1.10421363 61.20446915 
1.10422449 61.24446915 
1.10423533 61.28446915 
1.10424616 61.32446915 
1.10425697 61.36446914 
1.10426777 61.40446914 
1.10427855 61.44446914 
1.10428932 61.48446914 
1.10430008 61.52446914 
1.10431082 61.56446914 
1.10432155 61.60446914 
1.10433226 61.64446913 
1.10434296 61.68446913 
1.10435365 61.72446913 
1.10436432 61.76446913 
1.10437498 61.80446913 
1.10438562 61.84446913 
1.10439625 61.88446913 
1.10440687 61.92446912 
1.10441747 61.96446912 
1.10442806 62.00446912 
1.10443863 62.04446912 
1.10444920 62.08446912 
1.10445974 62.12446912 
1.10447028 62.16446912 
1.10448080 62.20446911 
1.10449130 62.24446911 
1.10450180 62.28446911 
1.10451227 62.32446911 
1.10452274 62.36446911 
1.10453319 62.40446911 
1.10454363 62.44446911 
1.10455406 62.48446911 
1.10456447 62.52446910 
1.10457487 62.56446910 
1.10458525 62.60446910 
1.10459562 62.64446910 
1.10460598 62.68446910 
1.10461633 62.72446910 
1.10462666 62.76446910 
1.10463698 62.80446909 
1.10464728 62.84446909 
1.10465757 62.88446909 
1.10466785 62.92446909 
1.10467812 62.96446909 
1.10468837 63.00446909 
1.10469861 63.04446909 
1.10470883 63.08446909 
1.10471905 63.12446908 
1.10472925 63.16446908 
1.10473943 63.20446908 
1.10474961 63.24446908 
1.10475977 63.28446908 
1.10476992 63.32446908 
1.10478005 63.36446908 
1.10479017 63.40446907 
1.10480028 63.44446907 
1.10481038 63.48446907 
1.10482046 63.52446907 
1.10483054 63.56446907 
1.10484059 63.60446907 
1.10485064 63.64446907 
1.10486067 63.68446907 
1.10487069 63.72446906 
1.10488070 63.76446906 
1.10489069 63.80446906 
1.10490068 63.84446906 
1.10491064 63.88446906 
1.10492060 63.92446906 
1.10493055 63.96446906 
1.10494048 64.00446906 
1.10495040 64.04446905 
1.10496030 64.08446905 
1.10497020 64.12446905 
1.10498008 64.16446905 
1.10498995 64.20446905 
1.10499981 64.24446905 
1.10500965 64.28446905 
1.10501948 64.32446905 
1.10502930 64.36446905 
1.10503911 64.40446904 
1.10504891 64.44446904 
1.10505869 64.48446904 
1.10506846 64.52446904 
1.10507822 64.56446904 
1.10508797 64.60446904 
1.10509770 64.64446904 
1.10510742 64.68446904 
1.10511713 64.72446903 
1.10512683 64.76446903 
1.10513652 64.80446903 
1.10514619 64.84446903 
1.10515585 64.88446903 
1.10516550 64.92446903 
1.10517514 64.96446903 
1.10518477 65.00446903 
1.10519438 65.04446902 
1.10520398 65.08446902 
1.10521357 65.12446902 
1.10522315 65.16446902 
1.10523272 65.20446902 
1.10524227 65.24446902 
1.10525182 65.28446902 
1.10526135 65.32446902 
1.10527087 65.36446902 
1.10528037 65.40446901 
1.10528987 65.44446901 
1.10529935 65.48446901 
1.10530883 65.52446901 
1.10531829 65.56446901 
1.10532774 65.60446901 
1.10533717 65.64446901 
1.10534660 65.68446901 
1.10535601 65.72446901 
1.10536542 65.76446900 
1.10537481 65.80446900 
1.10538419 65.84446900 
1.10539356 65.88446900 
1.10540291 65.92446900 
1.10541226 65.96446900 
1.10542159 66.00446900 
1.10543092 66.04446900 
1.10544023 66.08446900 
1.10544953 66.12446899 
1.10545882 66.16446899 
1.10546809 66.20446899 
1.10547736 66.24446899 
1.10548662 66.28446899 
1.10549586 66.32446899 
1.10550509 66.36446899 
1.10551431 66.40446899 
1.10552352 66.44446899 
1.10553272 66.48446899 
1.10554191 66.52446898 
1.10555108 66.56446898 
1.10556025 66.60446898 
1.10556940 66.64446898 
1.10557855 66.68446898 
1.10558768 66.72446898 
1.10559680 66.76446898 
1.10560591 66.80446898 
1.10561501 66.84446898 
1.10562410 66.88446897 
1.10563318 66.92446897 
1.10564224 66.96446897 
1.10565130 67.00446897 
1.10566034 67.04446897 
1.10566938 67.08446897 
1.10567840 67.12446897 
1.10568741 67.16446897 
1.10569641 67.20446897 
1.10570540 67.24446897 
1.10571438 67.28446896 
1.10572335 67.32446896 
1.10573231 67.36446896 
1.10574125 67.40446896 
1.10575019 67.44446896 
1.10575912 67.48446896 
1.10576803 67.52446896 
1.10577694 67.56446896 
1.10578583 67.60446896 
1.10579471 67.64446896 
1.10580359 67.68446895 
1.10581245 67.72446895 
1.10582130 67.76446895 
1.10583014 67.80446895 
1.10583897 67.84446895 
1.10584779 67.88446895 
1.10585660 67.92446895 
1.10586540 67.96446895 
1.10587419 68.00446895 
1.10588297 68.04446895 
1.10589174 68.08446894 
1.10590050 68.12446894 
1.10590924 68.16446894 
1.10591798 68.20446894 
1.10592671 68.24446894 
1.10593542 68.28446894 
1.10594413 68.32446894 
1.10595283 68.36446894 
1.10596151 68.40446894 
1.10597019 68.44446894 
1.10597885 68.48446894 
1.10598751 68.52446893 
1.10599615 68.56446893 
1.10600479 68.60446893 
1.10601341 68.64446893 
1.10602202 68.68446893 
1.10603063 68.72446893 
1.10603922 68.76446893 
1.10604781 68.80446893 
1.10605638 68.84446893 
1.10606495 68.88446893 
1.10607350 68.92446893 
1.10608204 68.96446892 
1.10609058 69.00446892 
1.10609910 69.04446892 
1.10610762 69.08446892 
1.10611612 69.12446892 
1.10612461 69.16446892 
1.10613310 69.20446892 
1.10614157 69.24446892 
1.10615004 69.28446892 
1.10615849 69.32446892 
1.10616694 69.36446892 
1.10617537 69.40446891 
1.10618380 69.44446891 
1.10619221 69.48446891 
1.10620062 69.52446891 
1.10620901 69.56446891 
1.10621740 69.60446891 
1.10622578 69.64446891 
1.10623414 69.68446891 
1.10624250 69.72446891 
1.10625085 69.76446891 
1.10625919 69.80446891 
1.10626752 69.84446890 
1.10627583 69.88446890 
1.10628414 69.92446890 
1.10629244 69.96446890 
1.10630073 70.00446890 
1.10630901 70.04446890 
1.10631729 70.08446890 
1.10632555 70.12446890 
1.10633380 70.16446890 
1.10634204 70.20446890 
1.10635027 70.24446890 
1.10635850 70.28446890 
1.10636671 70.32446889 
1.10637492 70.36446889 
1.10638311 70.40446889 
1.10639130 70.44446889 
1.10639947 70.48446889 
1.10640764 70.52446889 
1.10641580 70.56446889 
1.10642395 70.60446889 
1.10643209 70.64446889 
1.10644022 70.68446889 
1.10644834 70.72446889 
1.10645645 70.76446889 
1.10646455 70.80446888 
1.10647265 70.84446888 
1.10648073 70.88446888 
1.10648880 70.92446888 
1.10649687 70.96446888 
1.10650493 71.00446888 
1.10651297 71.04446888 
1.10652101 71.08446888 
1.10652904 71.12446888 
1.10653706 71.16446888 
1.10654507 71.20446888 
1.10655307 71.24446888 
1.10656107 71.28446887 
1.10656905 71.32446887 
1.10657703 71.36446887 
1.10658499 71.40446887 
1.10659295 71.44446887 
1.10660090 71.48446887 
1.10660883 71.52446887 
1.10661676 71.56446887 
1.10662468 71.60446887 
1.10663260 71.64446887 
1.10664050 71.68446887 
1.10664839 71.72446887 
1.10665628 71.76446887 
1.10666416 71.80446886 
1.10667202 71.84446886 
1.10667988 71.88446886 
1.10668773 71.92446886 
1.10669557 71.96446886 
1.10670341 72.00446886 
1.10671123 72.04446886 
1.10671905 72.08446886 
1.10672685 72.12446886 
1.10673465 72.16446886 
1.10674244 72.20446886 
1.10675022 72.24446886 
1.10675799 72.28446886 
1.10676575 72.32446885 
1.10677351 72.36446885 
1.10678125 72.40446885 
1.10678899 72.44446885 
1.10679672 72.48446885 
1.10680444 72.52446885 
1.10681215 72.56446885 
1.10681985 72.60446885 
1.10682755 72.64446885 
1.10683523 72.68446885 
1.10684291 72.72446885 
1.10685058 72.76446885 
1.10685824 72.80446885 
1.10686589 72.84446885 
1.10687353 72.88446884 
1.10688117 72.92446884 
1.10688879 72.96446884 
1.10689641 73.00446884 
1.10690402 73.04446884 
1.10691162 73.08446884 
1.10691921 73.12446884 
1.10692680 73.16446884 
1.10693437 73.20446884 
1.10694194 73.24446884 
1.10694950 73.28446884 
1.10695705 73.32446884 
1.10696459 73.36446884 
1.10697213 73.40446884 
1.10697965 73.44446883 
1.10698717 73.48446883 
1.10699468 73.52446883 
1.10700218 73.56446883 
1.10700968 73.60446883 
1.10701716 73.64446883 
1.10702464 73.68446883 
1.10703211 73.72446883 
1.10703957 73.76446883 
1.10704702 73.80446883 
1.10705446 73.84446883 
1.10706190 73.88446883 
1.10706933 73.92446883 
1.10707675 73.96446883 
1.10708416 74.00446882 
1.10709156 74.04446882 
1.10709896 74.08446882 
1.10710635 74.12446882 
1.10711373 74.16446882 
1.10712110 74.20446882 
1.10712846 74.24446882 
1.10713582 74.28446882 
1.10714317 74.32446882 
1.10715050 74.36446882 
1.10715784 74.40446882 
1.10716516 74.44446882 
1.10717248 74.48446882 
1.10717978 74.52446882 
1.10718708 74.56446882 
1.10719438 74.60446881 
1.10720166 74.64446881 
1.10720894 74.68446881 
1.10721621 74.72446881 
1.10722347 74.76446881 
1.10723072 74.80446881 
1.10723797 74.84446881 
1.10724520 74.88446881 
1.10725243 74.92446881 
1.10725965 74.96446881 
1.10726687 75.00446881 
1.10727407 75.04446881 
1.10728127 75.08446881 
1.10728846 75.12446881 
1.10729565 75.16446881 
1.10730282 75.20446880 
1.10730999 75.24446880 
1.10731715 75.28446880 
1.10732430 75.32446880 
1.10733145 75.36446880 
1.10733859 75.40446880 
1.10734571 75.44446880 
1.10735284 75.48446880 
1.10735995 75.52446880 
1.10736706 75.56446880 
1.10737416 75.60446880 
1.10738125 75.64446880 
1.10738833 75.68446880 
1.10739541 75.72446880 
1.10740248 75.76446880 
1.10740954 75.80446880 
1.10741659 75.84446879 
1.10742364 75.88446879 
1.10743068 75.92446879 
1.10743771 75.96446879 
1.10744474 76.00446879 
1.10745175 76.04446879 
1.10745876 76.08446879 
1.10746576 76.12446879 
1.10747276 76.16446879 
1.10747974 76.20446879 
1.10748672 76.24446879 
1.10749370 76.28446879 
1.10750066 76.32446879 
1.10750762 76.36446879 
1.10751457 76.40446879 
1.10752151 76.44446879 
1.10752845 76.48446878 
1.10753538 76.52446878 
1.10754230 76.56446878 
1.10754921 76.60446878 
1.10755612 76.64446878 
1.10756302 76.68446878 
1.10756991 76.72446878 
1.10757679 76.76446878 
1.10758367 76.80446878 
1.10759054 76.84446878 
1.10759740 76.88446878 
1.10760426 76.92446878 
1.10761111 76.96446878 
1.10761795 77.00446878 
1.10762479 77.04446878 
1.10763161 77.08446878 
1.10763843 77.12446878 
1.10764525 77.16446877 
1.10765205 77.20446877 
1.10765885 77.24446877 
1.10766564 77.28446877 
1.10767243 77.32446877 
1.10767921 77.36446877 
1.10768598 77.40446877 
1.10769274 77.44446877 
1.10769950 77.48446877 
1.10770625 77.52446877 
1.10771299 77.56446877 
1.10771972 77.60446877 
1.10772645 77.64446877 
1.10773317 77.68446877 
1.10773989 77.72446877 
1.10774660 77.76446877 
1.10775330 77.80446877 
1.10775999 77.84446877 
1.10776668 77.88446876 
1.10777336 77.92446876 
1.10778003 77.96446876 
1.10778670 78.00446876 
1.10779336 78.04446876 
1.10780001 78.08446876 
1.10780665 78.12446876 
1.10781329 78.16446876 
1.10781992 78.20446876 
1.10782655 78.24446876 
1.10783317 78.28446876 
1.10783978 78.32446876 
1.10784638 78.36446876 
1.10785298 78.40446876 
1.10785957 78.44446876 
1.10786616 78.48446876 
1.10787273 78.52446876 
1.10787930 78.56446876 
1.10788587 78.60446875 
1.10789243 78.64446875 
1.10789898 78.68446875 
1.10790552 78.72446875 
1.10791206 78.76446875 
1.10791859 78.80446875 
1.10792511 78.84446875 
1.10793163 78.88446875 
1.10793814 78.92446875 
1.10794464 78.96446875 
1.10795114 79.00446875 
1.10795763 79.04446875 
1.10796412 79.08446875 
1.10797059 79.12446875 
1.10797706 79.16446875 
1.10798353 79.20446875 
1.10798999 79.24446875 
1.10799644 79.28446875 
1.10800288 79.32446875 
1.10800932 79.36446874 
1.10801575 79.40446874 
1.10802218 79.44446874 
1.10802859 79.48446874 
1.10803501 79.52446874 
1.10804141 79.56446874 
1.10804781 79.60446874 
1.10805420 79.64446874 
1.10806059 79.68446874 
1.10806697 79.72446874 
1.10807334 79.76446874 
1.10807971 79.80446874 
1.10808607 79.84446874 
1.10809242 79.88446874 
1.10809877 79.92446874 
1.10810511 79.96446874 
1.10811145 80.00446874 
1.10811778 80.04446874 
1.10812410 80.08446874 
1.10813041 80.12446873 
1.10813672 80.16446873 
1.10814303 80.20446873 
1.10814932 80.24446873 
1.10815561 80.28446873 
1.10816190 80.32446873 
1.10816817 80.36446873 
1.10817445 80.40446873 
1.10818071 80.44446873 
1.10818697 80.48446873 
1.10819322 80.52446873 
1.10819947 80.56446873 
1.10820571 80.60446873 
1.10821194 80.64446873 
1.10821817 80.68446873 
1.10822439 80.72446873 
1.10823061 80.76446873 
1.10823682 80.80446873 
1.10824302 80.84446873 
1.10824922 80.88446873 
1.10825541 80.92446873 
1.10826159 80.96446872 
1.10826777 81.00446872 
1.10827394 81.04446872 
1.10828011 81.08446872 
1.10828627 81.12446872 
1.10829242 81.16446872 
1.10829857 81.20446872 
1.10830471 81.24446872 
1.10831085 81.28446872 
1.10831698 81.32446872 
1.10832310 81.36446872 
1.10832922 81.40446872 
1.10833533 81.44446872 
1.10834143 81.48446872 
1.10834753 81.52446872 
1.10835363 81.56446872 
1.10835971 81.60446872 
1.10836579 81.64446872 
1.10837187 81.68446872 
1.10837794 81.72446872 
1.10838400 81.76446872 
1.10839006 81.80446871 
1.10839611 81.84446871 
1.10840216 81.88446871 
1.10840819 81.92446871 
1.10841423 81.96446871 
1.10842026 82.00446871 
1.10842628 82.04446871 
1.10843229 82.08446871 
1.10843830 82.12446871 
1.10844431 82.16446871 
1.10845031 82.20446871 
1.10845630 82.24446871 
1.10846228 82.28446871 
1.10846826 82.32446871 
1.10847424 82.36446871 
1.10848021 82.40446871 
1.10848617 82.44446871 
1.10849213 82.48446871 
1.10849808 82.52446871 
1.10850402 82.56446871 
1.10850996 82.60446871 
1.10851590 82.64446871 
1.10852183 82.68446870 
1.10852775 82.72446870 
1.10853367 82.76446870 
1.10853958 82.80446870 
1.10854548 82.84446870 
1.10855138 82.88446870 
1.10855727 82.92446870 
1.10856316 82.96446870 
1.10856904 83.00446870 
1.10857492 83.04446870 
1.10858079 83.08446870 
1.10858666 83.12446870 
1.10859252 83.16446870 
1.10859837 83.20446870 
1.10860422 83.24446870 
1.10861006 83.28446870 
1.10861590 83.32446870 
1.10862173 83.36446870 
1.10862755 83.40446870 
1.10863337 83.44446870 
1.10863919 83.48446870 
1.10864500 83.52446870 
1.10865080 83.56446870 
1.10865660 83.60446870 
1.10866239 83.64446869 
1.10866818 83.68446869 
1.10867396 83.72446869 
1.10867973 83.76446869 
1.10868550 83.80446869 
1.10869127 83.84446869 
1.10869703 83.88446869 
1.10870278 83.92446869 
1.10870853 83.96446869 
1.10871427 84.00446869 
1.10872000 84.04446869 
1.10872574 84.08446869 
1.10873146 84.12446869 
1.10873718 84.16446869 
1.10874290 84.20446869 
1.10874861 84.24446869 
1.10875431 84.28446869 
1.10876001 84.32446869 
1.10876570 84.36446869 
1.10877139 84.40446869 
1.10877707 84.44446869 
1.10878275 84.48446869 
1.10878842 84.52446869 
1.10879408 84.56446869 
1.10879974 84.60446868 
1.10880540 84.64446868 
1.10881105 84.68446868 
1.10881669 84.72446868 
1.10882233 84.76446868 
1.10882797 84.80446868 
1.10883359 84.84446868 
1.10883922 84.88446868 
1.10884483 84.92446868 
1.10885045 84.96446868 
1.10885605 85.00446868 
1.10886166 85.04446868 
1.10886725 85.08446868 
1.10887284 85.12446868 
1.10887843 85.16446868 
1.10888401 85.20446868 
1.10888958 85.24446868 
1.10889515 85.28446868 
1.10890072 85.32446868 
1.10890628 85.36446868 
1.10891183 85.40446868 
1.10891738 85.44446868 
1.10892293 85.48446868 
1.10892846 85.52446868 
1.10893400 85.56446868 
1.10893953 85.60446868 
1.10894505 85.64446867 
1.10895057 85.68446867 
1.10895608 85.72446867 
1.10896159 85.76446867 
1.10896709 85.80446867 
1.10897259 85.84446867 
1.10897808 85.88446867 
1.10898356 85.92446867 
1.10898905 85.96446867 
1.10899452 86.00446867 
1.10899999 86.04446867 
1.10900546 86.08446867 
1.10901092 86.12446867 
1.10901638 86.16446867 
1.10902183 86.20446867 
1.10902727 86.24446867 
1.10903271 86.28446867 
1.10903815 86.32446867 
1.10904358 86.36446867 
1.10904901 86.40446867 
1.10905443 86.44446867 
1.10905984 86.48446867 
1.10906525 86.52446867 
1.10907066 86.56446867 
1.10907606 86.60446867 
1.10908145 86.64446867 
1.10908685 86.68446867 
1.10909223 86.72446866 
1.10909761 86.76446866 
1.10910299 86.80446866 
1.10910836 86.84446866 
1.10911372 86.88446866 
1.10911908 86.92446866 
1.10912444 86.96446866 
1.10912979 87.00446866 
1.10913513 87.04446866 
1.10914047 87.08446866 
1.10914581 87.12446866 
1.10915114 87.16446866 
1.10915647 87.20446866 
1.10916179 87.24446866 
1.10916710 87.28446866 
1.10917242 87.32446866 
1.10917772 87.36446866 
1.10918302 87.40446866 
1.10918832 87.44446866 
1.10919361 87.48446866 
1.10919890 87.52446866 
1.10920418 87.56446866 
1.10920946 87.60446866 
1.10921473 87.64446866 
1.10922000 87.68446866 
1.10922526 87.72446866 
1.10923052 87.76446866 
1.10923577 87.80446866 
1.10924102 87.84446865 
1.10924626 87.88446865 
1.10925150 87.92446865 
1.10925673 87.96446865 
1.10926196 88.00446865 
1.10926719 88.04446865 
1.10927241 88.08446865 
1.10927762 88.12446865 
1.10928283 88.16446865 
1.10928804 88.20446865 
1.10929324 88.24446865 
1.10929843 88.28446865 
1.10930362 88.32446865 
1.10930881 88.36446865 
1.10931399 88.40446865 
1.10931917 88.44446865 
1.10932434 88.48446865 
1.10932951 88.52446865 
1.10933467 88.56446865 
1.10933983 88.60446865 
1.10934498 88.64446865 
1.10935013 88.68446865 
1.10935527 88.72446865 
1.10936041 88.76446865 
1.10936555 88.80446865 
1.10937068 88.84446865 
1.10937580 88.88446865 
1.10938092 88.92446865 
1.10938604 88.96446865 
1.10939115 89.00446865 
1.10939626 89.04446864 
1.10940136 89.08446864 
1.10940645 89.12446864 
1.10941155 89.16446864 
1.10941664 89.20446864 
1.10942172 89.24446864 
1.10942680 89.28446864 
1.10943187 89.32446864 
1.10943694 89.36446864 
1.10944201 89.40446864 
1.10944707 89.44446864 
1.10945213 89.48446864 
1.10945718 89.52446864 
1.10946223 89.56446864 
1.10946727 89.60446864 
1.10947231 89.64446864 
1.10947734 89.68446864 
1.10948237 89.72446864 
1.10948739 89.76446864 
1.10949241 89.80446864 
1.10949743 89.84446864 
1.10950244 89.88446864 
1.10950745 89.92446864 
1.10951245 89.96446864 
1.10951745 90.00446864 
1.10952244 90.04446864 
1.10952743 90.08446864 
1.10953241 90.12446864 
1.10953739 90.16446864 
1.10954237 90.20446864 
1.10954734 90.24446864 
1.10955231 90.28446863 
1.10955727 90.32446863 
1.10956223 90.36446863 
1.10956718 90.40446863 
1.10957213 90.44446863 
1.10957707 90.48446863 
1.10958201 90.52446863 
1.10958695 90.56446863 
1.10959188 90.60446863 
1.10959681 90.64446863 
1.10960173 90.68446863 
1.10960665 90.72446863 
1.10961156 90.76446863 
1.10961647 90.80446863 
1.10962138 90.84446863 
1.10962628 90.88446863 
1.10963117 90.92446863 
1.10963607 90.96446863 
1.10964095 91.00446863 
1.10964584 91.04446863 
1.10965072 91.08446863 
1.10965559 91.12446863 
1.10966046 91.16446863 
1.10966533 91.20446863 
1.10967019 91.24446863 
1.10967505 91.28446863 
1.10967990 91.32446863 
1.10968475 91.36446863 
1.10968960 91.40446863 
1.10969444 91.44446863 
1.10969927 91.48446863 
1.10970411 91.52446863 
1.10970893 91.56446863 
1.10971376 91.60446863 
1.10971858 91.64446862 
1.10972339 91.68446862 
1.10972820 91.72446862 
1.10973301 91.76446862 
1.10973781 91.80446862 
1.10974261 91.84446862 
1.10974740 91.88446862 
1.10975219 91.92446862 
1.10975698 91.96446862 
1.10976176 92.00446862 
1.10976654 92.04446862 
1.10977131 92.08446862 
1.10977608 92.12446862 
1.10978085 92.16446862 
1.10978561 92.20446862 
1.10979036 92.24446862 
1.10979512 92.28446862 
1.10979986 92.32446862 
1.10980461 92.36446862 
1.10980935 92.40446862 
1.10981408 92.44446862 
1.10981882 92.48446862 
1.10982354 92.52446862 
1.10982827 92.56446862 
1.10983299 92.60446862 
1.10983770 92.64446862 
1.10984241 92.68446862 
1.10984712 92.72446862 
1.10985182 92.76446862 
1.10985652 92.80446862 
1.10986122 92.84446862 
1.10986591 92.88446862 
1.10987059 92.92446862 
1.10987528 92.96446862 
1.10987996 93.00446862 
1.10988463 93.04446861 
1.10988930 93.08446861 
1.10989397 93.12446861 
1.10989863 93.16446861 
1.10990329 93.20446861 
1.10990794 93.24446861 
1.10991259 93.28446861 
1.10991724 93.32446861 
1.10992188 93.36446861 
1.10992652 93.40446861 
1.10993116 93.44446861 
1.10993579 93.48446861 
1.10994041 93.52446861 
1.10994503 93.56446861 
1.10994965 93.60446861 
1.10995427 93.64446861 
1.10995888 93.68446861 
1.10996348 93.72446861 
1.10996809 93.76446861 
1.10997269 93.80446861 
1.10997728 93.84446861 
1.10998187 93.88446861 
1.10998646 93.92446861 
1.10999104 93.96446861 
1.10999562 94.00446861 
1.11000020 94.04446861 
1.11000477 94.08446861 
1.11000933 94.12446861 
1.11001390 94.16446861 
1.11001846 94.20446861 
1.11002301 94.24446861 
1.11002757 94.28446861 
1.11003211 94.32446861 
1.11003666 94.36446861 
1.11004120 94.40446861 
1.11004573 94.44446861 
1.11005027 94.48446861 
1.11005479 94.52446861 
1.11005932 94.56446860 
1.11006384 94.60446860 
1.11006836 94.64446860 
1.11007287 94.68446860 
1.11007738 94.72446860 
1.11008189 94.76446860 
1.11008639 94.80446860 
1.11009088 94.84446860 
1.11009538 94.88446860 
1.11009987 94.92446860 
1.11010436 94.96446860 
1.11010884 95.00446860 
1.11011332 95.04446860 
1.11011779 95.08446860 
1.11012226 95.12446860 
1.11012673 95.16446860 
1.11013119 95.20446860 
1.11013565 95.24446860 
1.11014011 95.28446860 
1.11014456 95.32446860 
1.11014901 95.36446860 
1.11015346 95.40446860 
1.11015790 95.44446860 
1.11016234 95.48446860 
1.11016677 95.52446860 
1.11017120 95.56446860 
1.11017563 95.60446860 
1.11018005 95.64446860 
1.11018447 95.68446860 
1.11018888 95.72446860 
1.11019329 95.76446860 
1.11019770 95.80446860 
1.11020211 95.84446860 
1.11020651 95.88446860 
1.11021090 95.92446860 
1.11021529 95.96446860 
1.11021968 96.00446860 
1.11022407 96.04446860 
1.11022845 96.08446860 
1.11023283 96.12446860 
1.11023720 96.16446860 
1.11024158 96.20446859 
1.11024594 96.24446859 
1.11025031 96.28446859 
1.11025467 96.32446859 
1.11025902 96.36446859 
1.11026337 96.40446859 
1.11026772 96.44446859 
1.11027207 96.48446859 
1.11027641 96.52446859 
1.11028075 96.56446859 
1.11028508 96.60446859 
1.11028941 96.64446859 
1.11029374 96.68446859 
1.11029807 96.72446859 
1.11030239 96.76446859 
1.11030670 96.80446859 
1.11031102 96.84446859 
1.11031533 96.88446859 
1.11031963 96.92446859 
1.11032393 96.96446859 
1.11032823 97.00446859 
1.11033253 97.04446859 
1.11033682 97.08446859 
1.11034111 97.12446859 
1.11034539 97.16446859 
1.11034967 97.20446859 
1.11035395 97.24446859 
1.11035822 97.28446859 
1.11036249 97.32446859 
1.11036676 97.36446859 
1.11037102 97.40446859 
1.11037528 97.44446859 
1.11037954 97.48446859 
1.11038379 97.52446859 
1.11038804 97.56446859 
1.11039229 97.60446859 
1.11039653 97.64446859 
1.11040077 97.68446859 
1.11040500 97.72446859 
1.11040924 97.76446859 
1.11041346 97.80446859 
1.11041769 97.84446859 
1.11042191 97.88446859 
1.11042613 97.92446858 
1.11043034 97.96446858 
1.11043455 98.00446858 
1.11043876 98.04446858 
1.11044296 98.08446858 
1.11044717 98.12446858 
1.11045136 98.16446858 
1.11045556 98.20446858 
1.11045975 98.24446858 
1.11046393 98.28446858 
1.11046812 98.32446858 
1.11047230 98.36446858 
1.11047647 98.40446858 
1.11048065 98.44446858 
1.11048482 98.48446858 
1.11048898 98.52446858 
1.11049315 98.56446858 
1.11049730 98.60446858 
1.11050146 98.64446858 
1.11050561 98.68446858 
1.11050976 98.72446858 
1.11051391 98.76446858 
1.11051805 98.80446858 
1.11052219 98.84446858 
1.11052633 98.88446858 
1.11053046 98.92446858 
1.11053459 98.96446858 
1.11053871 99.00446858 
1.11054284 99.04446858 
1.11054696 99.08446858 
1.11055107 99.12446858 
1.11055518 99.16446858 
1.11055929 99.20446858 
1.11056340 99.24446858 
1.11056750 99.28446858 
1.11057160 99.32446858 
1.11057570 99.36446858 
1.11057979 99.40446858 
1.11058388 99.44446858 
1.11058796 99.48446858 
1.11059205 99.52446858 
1.11059613 99.56446858 
1.11060020 99.60446858 
1.11060428 99.64446858 
1.11060834 99.68446858 
1.11061241 99.72446858 
1.11061647 99.76446858 
1.11062053 99.80446857 
1.11062459 99.84446857 
1.11062864 99.88446857 
1.11063269 99.92446857 
1.11063674 99.96446857 
1.11064078 100.00446857 
1.11064482 100.04446857 
1.11064886 100.08446857 
1.11065289 100.12446857 
1.11065692 100.16446857 
1.11066095 100.20446857 
1.11066497 100.24446857 
1.11066899 100.28446857 
1.11067301 100.32446857 
1.11067703 100.36446857 
1.11068104 100.40446857 
1.11068504 100.44446857 
1.11068905 100.48446857 
1.11069305 100.52446857 
1.11069705 100.56446857 
1.11070104 100.60446857 
1.11070504 100.64446857 
1.11070902 100.68446857 
1.11071301 100.72446857 
1.11071699 100.76446857 
1.11072097 100.80446857 
1.11072495 100.84446857 
1.11072892 100.88446857 
1.11073289 100.92446857 
1.11073686 100.96446857 
1.11074082 101.00446857 
1.11074478 101.04446857 
1.11074874 101.08446857 
1.11075269 101.12446857 
1.11075664 101.16446857 
1.11076059 101.20446857 
1.11076453 101.24446857 
1.11076847 101.28446857 
