0.00000000 1.00000000 
0.19000000 0.23461176 
0.38000000 0.12013369 
0.57000000 0.45214167 
0.76000000 0.78971092 
0.95000000 0.72061754 
1.14000000 0.17906208 
1.33000000 -0.46989093 
1.52000000 -0.69693487 
1.71000000 -0.25186318 
1.90000000 0.57291645 
2.09000000 1.11340994 
2.28000000 0.85501412 
2.47000000 -0.09796093 
2.66000000 -1.02074822 
2.85000000 -1.10610391 
3.04000000 -0.15451910 
3.23000000 1.16111959 
3.42000000 1.75041926 
3.61000000 0.99180209 
3.80000000 -0.65642000 
3.99000000 -1.89318315 
4.18000000 -1.58066676 
4.37000000 0.24114320 
4.56000000 2.21290247 
4.75000000 2.64125595 
4.94000000 0.92236888 
5.13000000 -1.76949453 
5.32000000 -3.23757959 
5.51000000 -2.02114375 
5.70000000 1.22322062 
5.89000000 3.97592984 
6.08000000 3.76799067 
6.27000000 0.33706857 
6.46000000 -3.81384087 
6.65000000 -5.18045673 
6.84000000 -2.15668678 
7.03000000 3.28356181 
7.22000000 6.76804395 
7.41000000 4.97177170 
7.60000000 -1.33281405 
7.79000000 -7.33452915 
7.98000000 -7.76539306 
8.17000000 -1.41638014 
8.36000000 7.20277372 
8.55000000 10.93166103 
8.74000000 5.79324875 
8.93000000 -5.06871804 
9.12000000 -13.05921822 
9.31000000 -10.79506868 
9.50000000 1.28886076 
9.69000000 14.14751380 
9.88000000 16.70741210 
