0.00000000 1.00000000 
0.20500000 1.04612500 
0.41000000 1.09461391 
0.61500000 1.14558787 
0.82000000 1.19917425 
1.02500000 1.25550693 
1.23000000 1.31472666 
1.43500000 1.37698140 
1.64000000 1.44242670 
1.84500000 1.51122606 
2.05000000 1.58355140 
2.25500000 1.65958341 
2.46000000 1.73951206 
2.66500000 1.82353705 
2.87000000 1.91186832 
3.07500000 2.00472658 
3.28000000 2.10234381 
3.48500000 2.20496393 
3.69000000 2.31284334 
3.89500000 2.42625156 
4.10000000 2.54547195 
4.30500000 2.67080239 
4.51000000 2.80255601 
4.71500000 2.94106200 
4.92000000 3.08666643 
5.12500000 3.23973309 
5.33000000 3.40064441 
5.53500000 3.56980243 
5.74000000 3.74762981 
5.94500000 3.93457084 
6.15000000 4.13109259 
6.35500000 4.33768609 
6.56000000 4.55486750 
6.76500000 4.78317946 
6.97000000 5.02319240 
7.17500000 5.27550601 
7.38000000 5.54075070 
7.58500000 5.81958917 
7.79000000 6.11271812 
7.99500000 6.42086992 
8.20000000 6.74481450 
8.40500000 7.08536125 
8.61000000 7.44336101 
8.81500000 7.81970826 
9.02000000 8.21534331 
9.22500000 8.63125466 
9.43000000 9.06848146 
9.63500000 9.52811613 
9.84000000 10.01130708 
