0.00000000 1.00000000 
0.20500000 0.08888889 
0.41000000 0.10013717 
0.61500000 0.09999831 
0.82000000 0.10000002 
1.02500000 0.10000000 
1.23000000 0.10000000 
1.43500000 0.10000000 
1.64000000 0.10000000 
1.84500000 0.10000000 
2.05000000 0.10000000 
2.25500000 0.10000000 
2.46000000 0.10000000 
2.66500000 0.10000000 
2.87000000 0.10000000 
3.07500000 0.10000000 
3.28000000 0.10000000 
3.48500000 0.10000000 
3.69000000 0.10000000 
3.89500000 0.10000000 
4.10000000 0.10000000 
4.30500000 0.10000000 
4.51000000 0.10000000 
4.71500000 0.10000000 
4.92000000 0.10000000 
5.12500000 0.10000000 
5.33000000 0.10000000 
5.53500000 0.10000000 
5.74000000 0.10000000 
5.94500000 0.10000000 
6.15000000 0.10000000 
6.35500000 0.10000000 
6.56000000 0.10000000 
6.76500000 0.10000000 
6.97000000 0.10000000 
7.17500000 0.10000000 
7.38000000 0.10000000 
7.58500000 0.10000000 
7.79000000 0.10000000 
7.99500000 0.10000000 
8.20000000 0.10000000 
8.40500000 0.10000000 
8.61000000 0.10000000 
8.81500000 0.10000000 
9.02000000 0.10000000 
9.22500000 0.10000000 
9.43000000 0.10000000 
9.63500000 0.10000000 
9.84000000 0.10000000 
