0.00000000 1.00000000 
0.19000000 0.91450000 
0.38000000 0.83712250 
0.57000000 0.76709586 
0.76000000 0.70372176 
0.95000000 0.64636819 
1.14000000 0.59446321 
1.33000000 0.54748921 
1.52000000 0.50497773 
1.71000000 0.46650485 
1.90000000 0.43168689 
2.09000000 0.40017663 
2.28000000 0.37165985 
2.47000000 0.34585217 
2.66000000 0.32249621 
2.85000000 0.30135907 
3.04000000 0.28222996 
3.23000000 0.26491811 
3.42000000 0.24925089 
3.61000000 0.23507206 
3.80000000 0.22224021 
3.99000000 0.21062739 
4.18000000 0.20011779 
4.37000000 0.19060660 
4.56000000 0.18199897 
4.75000000 0.17420907 
4.94000000 0.16715921 
5.13000000 0.16077908 
5.32000000 0.15500507 
5.51000000 0.14977959 
5.70000000 0.14505053 
5.89000000 0.14077073 
6.08000000 0.13689751 
6.27000000 0.13339225 
6.46000000 0.13021998 
6.65000000 0.12734908 
6.84000000 0.12475092 
7.03000000 0.12239958 
7.22000000 0.12027162 
7.41000000 0.11834582 
7.60000000 0.11660297 
7.79000000 0.11502568 
7.98000000 0.11359824 
8.17000000 0.11230641 
8.36000000 0.11113730 
8.55000000 0.11007926 
8.74000000 0.10912173 
8.93000000 0.10825516 
9.12000000 0.10747092 
9.31000000 0.10676119 
9.50000000 0.10611887 
9.69000000 0.10553758 
9.88000000 0.10501151 
