0.00000000 1.00000000 
0.10000000 0.90936538 
0.20000000 0.83625385 
0.30000000 0.77486384 
0.40000000 0.72630831 
0.50000000 0.68434051 
0.60000000 0.65257211 
0.70000000 0.62331167 
0.80000000 0.60324744 
0.90000000 0.58201269 
1.00000000 0.57044237 
1.10000000 0.55383574 
1.20000000 0.54890807 
1.30000000 0.53427251 
1.40000000 0.53519907 
1.50000000 0.52019289 
1.60000000 0.52712191 
1.70000000 0.50934412 
1.80000000 0.52338426 
1.90000000 0.49999042 
2.00000000 0.52338809 
2.10000000 0.49063518 
2.20000000 0.52713402 
2.30000000 0.47978157 
2.40000000 0.53522139 
2.50000000 0.46569302 
2.60000000 0.54894418 
2.70000000 0.44611534 
2.80000000 0.57049805 
2.90000000 0.41791612 
3.00000000 0.60333160 
3.10000000 0.37658349 
3.20000000 0.65269820 
3.30000000 0.31550421 
3.40000000 0.72649652 
3.50000000 0.22490560 
3.60000000 0.83653428 
3.70000000 0.09029188 
3.80000000 1.00041753 
3.90000000 -0.10987513 
4.00000000 1.24436758 
4.10000000 -0.40762216 
4.20000000 1.60741644 
4.30000000 -0.85058873 
4.40000000 2.14765193 
4.50000000 -1.50964951 
4.60000000 2.95151174 
4.70000000 -2.49025420 
4.80000000 4.14761342 
4.90000000 -3.94929957 
5.00000000 5.92733324 
5.10000000 -6.12023287 
5.20000000 8.57542639 
5.30000000 -9.35040342 
5.40000000 12.51558776 
5.50000000 -14.15663852 
5.60000000 18.37824317 
5.70000000 -21.30793579 
5.80000000 27.10141749 
5.90000000 -31.94850279 
6.00000000 40.08081860 
6.10000000 -47.78083023 
6.20000000 59.39315069 
6.30000000 -71.33809050 
6.40000000 88.12838689 
6.50000000 -106.38944526 
6.60000000 130.88416499 
6.70000000 -158.54311126 
6.80000000 194.50140950 
6.90000000 -236.14367505 
7.00000000 289.15887952 
7.10000000 -351.60722686 
7.20000000 430.00177026 
7.30000000 -523.40793497 
7.40000000 639.56494425 
7.50000000 -779.03391267 
7.60000000 951.37850932 
7.70000000 -1159.38531639 
7.80000000 1415.33263587 
7.90000000 -1725.31837074 
8.00000000 2105.65998417 
8.10000000 -2567.38236441 
8.20000000 3132.81292994 
8.30000000 -3820.30753639 
8.40000000 4661.13594449 
8.50000000 -5684.56191419 
8.60000000 6935.16071017 
8.70000000 -8458.42619825 
8.80000000 10318.73118947 
8.90000000 -12585.71867404 
9.00000000 15353.21865908 
9.10000000 -18726.80613767 
9.20000000 22844.14111415 
9.30000000 -27864.26258334 
9.40000000 33990.04614749 
9.50000000 -41460.08104233 
9.60000000 50574.27856442 
9.70000000 -61689.59246810 
9.80000000 75250.31555166 
9.90000000 -91789.51868876 
10.00000000 111966.32302716 
10.10000000 -136575.84789963 
10.20000000 166596.86218702 
10.30000000 -203214.39277443 
10.40000000 247882.81929679 
10.50000000 -302367.32049315 
10.60000000 368829.94749405 
10.70000000 -449899.09949077 
10.80000000 548789.78729036 
10.90000000 -669414.81440691 
11.00000000 816555.91305312 
11.10000000 -996036.97962816 
11.20000000 1214970.90490439 
11.30000000 -1482025.14158992 
11.40000000 1807781.16154035 
11.50000000 -2205137.40620606 
11.60000000 2689836.32402278 
11.70000000 -3281071.73581517 
11.80000000 4002265.21834884 
11.90000000 -4881977.62315470 
12.00000000 5955056.46761072 
12.10000000 -7264000.01019899 
12.20000000 8860656.67169032 
12.30000000 -10808262.47887512 
12.40000000 13183961.86324037 
12.50000000 -16081847.02417127 
12.60000000 19616700.87290888 
12.70000000 -23928527.17333482 
12.80000000 29188111.94224280 
12.90000000 -35603771.75023194 
13.00000000 43429620.84233558 
13.10000000 -52975619.88716617 
13.20000000 64619868.99720205 
13.30000000 -78823567.28604700 
13.40000000 96149296.11162086 
13.50000000 -117283285.53069535 
13.60000000 143062610.52389902 
13.70000000 -174508329.54025495 
13.80000000 212865942.54000100 
13.90000000 -259654706.35625535 
14.00000000 316727825.28250313 
14.10000000 -386345836.26925659 
14.20000000 471266159.99020576 
14.30000000 -574852300.06533885 
14.40000000 701207080.21634126 
14.50000000 -855335131.95187545 
14.60000000 1043341133.19709146 
14.70000000 -1272671585.03071213 
14.80000000 1552409767.40937638 
14.90000000 -1893635491.79446268 
15.00000000 2309863964.32716179 
15.10000000 -2817581077.32532740 
15.20000000 3436896395.45729256 
15.30000000 -4192339635.30824471 
15.40000000 5113832249.78059006 
15.50000000 -6237872535.02048111 
15.60000000 7608981263.98878288 
15.70000000 -9281465040.41599464 
15.80000000 11321567280.35518074 
15.90000000 -13810091952.35806656 
16.00000000 16845604061.49840736 
16.10000000 -20548333576.75743103 
16.20000000 25064937492.40138245 
16.30000000 -30574308573.51798248 
16.40000000 37294660922.00857544 
16.50000000 -45492172942.12141418 
16.60000000 55491530099.05714417 
16.70000000 -67688784981.54427338 
16.80000000 82567044091.87484741 
16.90000000 -100715602618.09420776 
17.00000000 122853285139.31253052 
17.10000000 -149856916673.61923218 
17.20000000 182796051808.96023560 
17.30000000 -222975337397.00332642 
17.40000000 271986186767.96157837 
17.50000000 -331769812103.98797607 
17.60000000 404694111609.75677490 
17.70000000 -493647456747.69067383 
17.80000000 602153094309.03308105 
17.90000000 -734508694471.10388184 
18.00000000 895956572097.67456055 
18.10000000 -1092891323309.97375488 
18.20000000 1333113101421.86401367 
18.30000000 -1626136563878.51953125 
18.40000000 1983567726973.47167969 
18.50000000 -2419563654667.70800781 
18.60000000 2951393188840.75488281 
18.70000000 -3600120930203.81005859 
18.80000000 4391441560922.47900391 
18.90000000 -5356697554572.60156250 
19.00000000 6534120582751.71972656 
19.10000000 -7970345787673.08984375 
19.20000000 9722258897821.15625000 
19.30000000 -11859249346801.35156250 
19.40000000 14465958636541.89843750 
19.50000000 -17645632801417.91015625 
19.60000000 21524211757109.26171875 
19.70000000 -26255317504261.41406250 
19.80000000 32026338758814.02734375 
19.90000000 -39065853007786.82812500 
20.00000000 47652679961928.96093750 
20.10000000 -58126924992558.21875000 
20.20000000 70903449958952.45312500 
20.30000000 -86488304976139.00000000 
20.40000000 105498771949408.25000000 
20.50000000 -128687813755902.09375000 
20.60000000 156973897451769.28125000 
20.70000000 -191477372736609.62500000 
20.80000000 233564846546413.31250000 
20.90000000 -284903311355174.75000000 
21.00000000 347526171088483.43750000 
21.10000000 -423913779790567.93750000 
21.20000000 517091683004710.81250000 
21.30000000 -630750452992452.00000000 
21.40000000 769391864201691.75000000 
21.50000000 -938507198673128.50000000 
21.60000000 1144794743670943.50000000 
21.70000000 -1396425096141505.75000000 
21.80000000 1703364782127546.00000000 
21.90000000 -2077771008992524.00000000 
22.00000000 2534473185724556.00000000 
22.10000000 -3091560283282346.00000000 
22.20000000 3771097299037495.00000000 
22.30000000 -4599999202897344.00000000 
22.40000000 5611096980196433.00000000 
22.50000000 -6844437994975917.00000000 
22.60000000 8348872178186800.00000000 
22.70000000 -10183986866250636.00000000 
22.80000000 12422466924687054.00000000 
22.90000000 -15152973636125458.00000000 
23.00000000 18483656379137240.00000000 
23.10000000 -22546436187780352.00000000 
23.20000000 27502230854249384.00000000 
23.30000000 -33547328529480104.00000000 
23.40000000 40921162266041424.00000000 
23.50000000 -49915793435896672.00000000 
23.60000000 60887479640400096.00000000 
23.70000000 -74270785292056704.00000000 
23.80000000 90595793757222784.00000000 
23.90000000 -110509102794945824.00000000 
24.00000000 134799434875201120.00000000 
24.10000000 -164428876745026272.00000000 
24.20000000 200570985573211648.00000000 
24.30000000 -244657270974310912.00000000 
24.40000000 298433893962936000.00000000 
24.50000000 -364030828559485312.00000000 
24.60000000 444046225386730112.00000000 
24.70000000 -541649318714177408.00000000 
24.80000000 660705952872401152.00000000 
24.90000000 -805931699863137920.00000000 
25.00000000 983078632817656320.00000000 
25.10000000 -1199163152990200320.00000000 
25.20000000 1462743894013736448.00000000 
25.30000000 -1784260710595695104.00000000 
25.40000000 2176448178252014592.00000000 
25.50000000 -2654839981896501248.00000000 
25.60000000 3238384171010615296.00000000 
25.70000000 -3950193650300747776.00000000 
25.80000000 4818461631130914816.00000000 
25.90000000 -5877578302753114112.00000000 
26.00000000 7169492952232161280.00000000 
26.10000000 -8745375483645978624.00000000 
26.20000000 10667643145690552320.00000000 
26.30000000 -13012432741922199552.00000000 
26.40000000 15872616242459430912.00000000 
26.50000000 -19361479238905970688.00000000 
26.60000000 23617207938021818368.00000000 
26.70000000 -28808362414114701312.00000000 
26.80000000 35140552903667699712.00000000 
26.90000000 -42864583575581786112.00000000 
27.00000000 52286386333900414976.00000000 
27.10000000 -63779138109141958656.00000000 
27.20000000 77798041577557196800.00000000 
27.30000000 -94898354740164837376.00000000 
27.40000000 115757383473623138304.00000000 
27.50000000 -141201308129614102528.00000000 
27.60000000 172237906725468766208.00000000 
27.70000000 -210096470819801595904.00000000 
27.80000000 256276495053389430784.00000000 
27.90000000 -312607068841157394432.00000000 
28.00000000 381319322589852401664.00000000 
28.10000000 -465134797877098315776.00000000 
28.20000000 567373241740691767296.00000000 
28.30000000 -692084094573374996480.00000000 
28.40000000 844206879570041765888.00000000 
28.50000000 -1029766846401391624192.00000000 
28.60000000 1256113618130598363136.00000000 
28.70000000 -1532212293653631074304.00000000 
28.80000000 1868998535592050950144.00000000 
28.90000000 -2279811707890451349504.00000000 
29.00000000 2780923218748231385088.00000000 
29.10000000 -3392180995389744218112.00000000 
29.20000000 4137795616904129282048.00000000 
29.30000000 -5047299242151395721216.00000000 
29.40000000 6156715313764688199680.00000000 
29.50000000 -7509985367657271001088.00000000 
29.60000000 9160709460827597438976.00000000 
29.70000000 -11174269151988309557248.00000000 
29.80000000 13630417121622922100736.00000000 
29.90000000 -16626436000637477978112.00000000 
30.00000000 20280991521877914550272.00000000 
30.10000000 -24738832609388642959360.00000000 
30.20000000 30176524565633371734016.00000000 
30.30000000 -36809442435641993330688.00000000 
30.40000000 44900301539890165710848.00000000 
30.50000000 -54769563051598064648192.00000000 
30.60000000 66808126760529394925568.00000000 
30.70000000 -81492813755809819262976.00000000 
30.80000000 99405252262853332697088.00000000 
30.90000000 -121254914660951148986368.00000000 
31.00000000 147907218127233805713408.00000000 
31.10000000 -180417801911844684693504.00000000 
31.20000000 220074338891971686301696.00000000 
31.30000000 -268447537468633352503296.00000000 
31.40000000 327453353879425020592128.00000000 
31.50000000 -399428879020403374161920.00000000 
31.60000000 487224905487586370256896.00000000 
31.70000000 -594318841215437949108224.00000000 
31.80000000 724952441973761523056640.00000000 
31.90000000 -884299818004942625439744.00000000 
32.00000000 1078672369175738546388992.00000000 
32.10000000 -1315768765675238097682432.00000000 
32.20000000 1604979875445833839149056.00000000 
32.30000000 -1957760715853571525967872.00000000 
32.40000000 2388084161787262503223296.00000000 
32.50000000 -2912994380568476419883008.00000000 
32.60000000 3553281914014653017489408.00000000 
32.70000000 -4334307146174337304756224.00000000 
32.80000000 5287004772484387509895168.00000000 
32.90000000 -6449109055168092523462656.00000000 
33.00000000 7866648394551624948776960.00000000 
33.10000000 -9595768412988742502973440.00000000 
33.20000000 11704955759747121949966336.00000000 
33.30000000 -14277750716887591712456704.00000000 
33.40000000 17416056046502160352935936.00000000 
33.50000000 -21244173135488456283127808.00000000 
33.60000000 25913725300697542007193600.00000000 
33.70000000 -31609663255767473086005248.00000000 
33.80000000 38557590603004530382602240.00000000 
33.90000000 -47032699496969280944078848.00000000 
34.00000000 57370670401792246196207616.00000000 
34.10000000 -69980967657686186294509568.00000000 
34.20000000 85363057464866724149985280.00000000 
34.30000000 -104126190643632875954503680.00000000 
34.40000000 127013533722319874531786752.00000000 
34.50000000 -154931604132560822331244544.00000000 
34.60000000 188986175375344213772206080.00000000 
34.70000000 -230526074282698507840126976.00000000 
34.80000000 281196605088423623780204544.00000000 
34.90000000 -343004716318067950480261120.00000000 
35.00000000 418398491615650838332047360.00000000 
35.10000000 -510364112964328285813080064.00000000 
35.20000000 622544136801382180145070080.00000000 
35.30000000 -759381767684881089151631360.00000000 
35.40000000 926296843875334615805722624.00000000 
35.50000000 -1129900505235014962961711104.00000000 
35.60000000 1378257045969340628478197760.00000000 
35.70000000 -1681203323622751351791943680.00000000 
35.80000000 2050738375418441169194975232.00000000 
35.90000000 -2501498673790128039372259328.00000000 
36.00000000 3051337844934492714797367296.00000000 
36.10000000 -3722033811763925235242369024.00000000 
36.20000000 4540151369640063248698966016.00000000 
36.30000000 -5538094359619950644673118208.00000000 
36.40000000 6755389113488043286665887744.00000000 
36.50000000 -8240250005015167299632496640.00000000 
36.60000000 10051489115494110206518886400.00000000 
36.70000000 -12260845651212811382240051200.00000000 
36.80000000 14955827375979234759414906880.00000000 
36.90000000 -18243176601604505286006013952.00000000 
37.00000000 22253098016621038193231265792.00000000 
37.10000000 -27144415808252919683689218048.00000000 
37.20000000 33110864339922206946316255232.00000000 
37.30000000 -40388761544221801582606417920.00000000 
37.40000000 49266368957610927579358822400.00000000 
37.50000000 -60095309127266172614349946880.00000000 
37.60000000 73304492608517396625098801152.00000000 
37.70000000 -89417106170673134782826676224.00000000 
37.80000000 109071335076786648779010867200.00000000 
37.90000000 -133045640201387794294431023104.00000000 
38.00000000 162289591157341791125843738624.00000000 
38.10000000 -197961476664324517781642936320.00000000 
38.20000000 241474181823071598238500913152.00000000 
38.30000000 -294551149393553178187666554880.00000000 
38.40000000 359294641580492869513567535104.00000000 
38.50000000 -438269006025750368214340075520.00000000 
38.60000000 534602243990793016799303565312.00000000 
38.70000000 -652109903622067631229056843776.00000000 
38.80000000 795446205439620167807168151552.00000000 
38.90000000 -970288385797915754646919446528.00000000 
39.00000000 1183561559758786413370940588032.00000000 
39.10000000 -1443713009701430376290291023872.00000000 
39.20000000 1761046763639358620182052339712.00000000 
39.30000000 -2148131715157173880658107301888.00000000 
39.40000000 2620299449702228397625276628992.00000000 
39.50000000 -3196251495038065296003213295616.00000000 
39.60000000 3898800047717454966386524684288.00000000 
39.70000000 -4755771514125047507737804537856.00000000 
39.80000000 5801108653367474419841609236480.00000000 
39.90000000 -7076214975472036712724494811136.00000000 
40.00000000 8631594643556288429391463055360.00000000 
40.10000000 -10528852832894552084481080033280.00000000 
40.20000000 12843135776714109263183895068672.00000000 
40.30000000 -15666107143580194438674749849600.00000000 
40.40000000 19109578634146187038653795008512.00000000 
40.50000000 -23309938597238670154856193327104.00000000 
40.60000000 28433554073041654650236309602304.00000000 
40.70000000 -34683360226455329312790940745728.00000000 
40.80000000 42306898163623785474632760426496.00000000 
40.90000000 -51606119491904841701204193968128.00000000 
41.00000000 62949345960385725757994139910144.00000000 
41.10000000 -76785857876059133805841700880384.00000000 
41.20000000 93663689110809372074571416469504.00000000 
41.30000000 -114251333520382884437110118416384.00000000 
41.40000000 139364222518962518643656060043264.00000000 
41.50000000 -169997022527967902703211648122880.00000000 
41.60000000 207363031530149679724940719292416.00000000 
41.70000000 -252942235140027781798947339632640.00000000 
41.80000000 308539925586160792444519655145472.00000000 
41.90000000 -376358205374492113188274009276416.00000000 
42.00000000 459083207735957608896791643684864.00000000 
42.10000000 -559991488468875185570028281921536.00000000 
42.20000000 683079803123507654301765341282304.00000000 
42.30000000 -833223409718278276113772033605632.00000000 
42.40000000 1016369167010819051216387000238080.00000000 
42.50000000 -1239771076522605896600326833700864.00000000 
42.60000000 1512277597619861294564367273033728.00000000 
42.70000000 -1844682115570550472072148973256704.00000000 
42.80000000 2250150443848081368101076401651712.00000000 
42.90000000 -2744742293109782961666504303575040.00000000 
43.00000000 3348047361091994552767678123081728.00000000 
43.10000000 -4083961237546581128650026934861824.00000000 
43.20000000 4981631856110626888935538436341760.00000000 
43.30000000 -6076613979990831884224242309398528.00000000 
43.40000000 7412277448106959412040934438731776.00000000 
43.50000000 -9041524959233615187872014242152448.00000000 
43.60000000 11028887431800405256605439214223360.00000000 
43.70000000 -13453079931953777290514189927841792.00000000 
43.80000000 16410119404581915250473911499882496.00000000 
43.90000000 -20017127693786542929535152685056000.00000000 
44.00000000 24416970482096532422287972573904896.00000000 
44.10000000 -29783915886625157743124749085573120.00000000 
44.20000000 36330536836746595519537872208134144.00000000 
44.30000000 -44316130621323798717951509025259520.00000000 
44.40000000 54056989085276110395032457390850048.00000000 
44.50000000 -65938926255434248409987714094465024.00000000 
44.60000000 80432559587449817137725172512456704.00000000 
44.70000000 -98111950090414182643775412583268352.00000000 
44.80000000 119677339623615493884584152287674368.00000000 
44.90000000 -145982885939860394955004332465979392.00000000 
45.00000000 178070493999559655555934700015976448.00000000 
45.10000000 -217211083539684271934773471440011264.00000000 
45.20000000 264954927415433371708541718075801600.00000000 
45.30000000 -323193054505857620618190158670331904.00000000 
45.40000000 394232149217776390441027263608651776.00000000 
45.50000000 -480885914192968206309391582049075200.00000000 
45.60000000 586586514894963672964783896428281856.00000000 
45.70000000 -715520520150953631223119363717464064.00000000 
45.80000000 872794722955345095939241123979984896.00000000 
45.90000000 -1064638409333091699113606331244740608.00000000 
46.00000000 1298650086688581716555102620607315968.00000000 
46.10000000 -1584098444008524474280018933293514752.00000000 
46.20000000 1932289464291991565296691229795287040.00000000 
46.30000000 -2357014229725321100398695425211629568.00000000 
46.40000000 2875095156182119946426588364009373696.00000000 
46.50000000 -3507052292198169256058073878427074560.00000000 
46.60000000 4277916073061387648849817915380203520.00000000 
46.70000000 -5218218721422724315598001044579155968.00000000 
46.80000000 6365203561630477611207342476694126592.00000000 
46.90000000 -7764300146074915123962613891774545920.00000000 
47.00000000 9470923620060443660792388033403944960.00000000 
47.10000000 -11552669594099092588279569105136123904.00000000 
47.20000000 14091991457700081404459188105905176576.00000000 
47.30000000 -17189466177179125622299892634462715904.00000000 
47.40000000 20967777928571733542325738307548348416.00000000 
47.50000000 -25576577348607819511466836244446576640.00000000 
47.60000000 31198408868014861346912472805326979072.00000000 
47.70000000 -38055940895813764994705121940506411008.00000000 
47.80000000 46420785226340371122687707877245714432.00000000 
47.90000000 -56624254986349909665887018795688525824.00000000 
48.00000000 69070487220880336877989108543379210240.00000000 
48.10000000 -84252449874702044417082662213040209920.00000000 
48.20000000 102771467170761164089555139167885721600.00000000 
48.30000000 -125361036743006510052904717880194498560.00000000 
48.40000000 152915881867963768110717026319963521024.00000000 
48.50000000 -186527389490192028630871087295328419840.00000000 
48.60000000 227526837664040579563065461238094888960.00000000 
48.70000000 -277538124555808260456097271790566375424.00000000 
48.80000000 338542087486363913968649860320050806784.00000000 
48.90000000 -412954959550353818487770843327154356224.00000000 
49.00000000 503724071306505471586903688016641916928.00000000 
49.10000000 -614444588072955992010959573350946439168.00000000 
49.20000000 749501906535687853279714772174155808768.00000000 
49.30000000 -914245350687231193769136462952067497984.00000000 
49.40000000 1115200046810580361010514847720712175616.00000000 
49.50000000 -1360325369411463459065924363503269838848.00000000 
49.60000000 1659330194575165805083175573853478846464.00000000 
49.70000000 -2024057447241529660206612631581743906816.00000000 
49.80000000 2468953173471777487826947684291800203264.00000000 
49.90000000 -3011638716630240534444809743835546517504.00000000 
50.00000000 3673608660123873580712289620363101339648.00000000 
50.10000000 -4481082180679790329407471476369539465216.00000000 
50.20000000 5466041532395790437830769979688421949440.00000000 
50.30000000 -6667498793638106504539779468244908244992.00000000 
50.40000000 8133041049851033281431845689912220188672.00000000 
50.50000000 -9920715213578520058897681667135631261696.00000000 
50.60000000 12101327135282442030346410125543977517056.00000000 
50.70000000 -14761246067691497596391737486130727092224.00000000 
50.80000000 18005825562359041552473432965847938236416.00000000 
50.90000000 -21963576292635116151662422055876581916672.00000000 
51.00000000 26791256079413087045997746096495231238144.00000000 
51.10000000 -32680078724400349035780209111067994882048.00000000 
51.20000000 39863287569173227627450485432625768955904.00000000 
51.30000000 -48625393752069638152479091900711622934528.00000000 
51.40000000 59313445070001083855582777884613757894656.00000000 
51.50000000 -72350771780070073628993514437963805622272.00000000 
51.60000000 88253753782029117175742806426612639203328.00000000 
51.70000000 -107652273292881716630728014241795502243840.00000000 
51.80000000 131314663099181803828034012123330840100864.00000000 
51.90000000 -160178138532554445899066864624754556403712.00000000 
52.00000000 195385918512203586056223380740046021722112.00000000 
52.10000000 -238332505937435864847305725853519528853504.00000000 
52.20000000 290718920887177939732270916615080551383040.00000000 
52.30000000 -354620074292307040740214092499551749406720.00000000 
52.40000000 432566950604100794713982781283034841743360.00000000 
52.50000000 -527646854533947358625807205012765686104064.00000000 
52.60000000 643625692417679707215804681153634243706880.00000000 
52.70000000 -785097131501019164140876622137952202391552.00000000 
52.80000000 957664545018087434769157294277828869619712.00000000 
52.90000000 -1168162949508254199945541504118097495195648.00000000 
53.00000000 1424929724821389052850371931656054122741760.00000000 
53.10000000 -1738134839436809821085690276780519144292352.00000000 
53.20000000 2120183660596113043181650006637275525414912.00000000 
53.30000000 -2586208303675255100255352243704443099414528.00000000 
53.40000000 3154666982066215021386788939850039020224512.00000000 
53.50000000 -3848075096501741170707069783913472452460544.00000000 
53.60000000 4693897020666911613463620781953455491121152.00000000 
53.70000000 -5725633904768505568504510239618799669084160.00000000 
53.80000000 6984150582574313221895405235110837909192704.00000000 
53.90000000 -8519294137798231600026695904891299772235776.00000000 
54.00000000 10391868237693606357082099311219467777736704.00000000 
54.10000000 -12676041432875673647683519915226976923680768.00000000 
54.20000000 15462284810843877301683554419766588426158080.00000000 
54.30000000 -18860955357213224568356941683133612294144000.00000000 
54.40000000 23006666953729167129026331093020033343815680.00000000 
54.50000000 -28063622138704891419967474120341625631670272.00000000 
54.60000000 34232115809211124687365352169460903515783168.00000000 
54.70000000 -41756468462389340304561583559821767118684160.00000000 
54.80000000 50934703194166860809189985593389610363256832.00000000 
54.90000000 -62130349740056090570349766367002930779783168.00000000 
55.00000000 75786843090189300998738017853407662352367616.00000000 
55.10000000 -92445086976131818892661224934799755075125248.00000000 
55.20000000 112764877880642032517210633540544444059615232.00000000 
55.30000000 -137551038128388627938137352637800653021773824.00000000 
55.40000000 167785293131997475769649323169230945913929728.00000000 
55.50000000 -204665155381187602400364579052625512678555648.00000000 
55.60000000 249651355284472540498243909069582429048537088.00000000 
55.70000000 -304525697494976602754029639827590965589180416.00000000 
55.80000000 371461634282463229136753273559221371410579456.00000000 
55.90000000 -453110351207961862717465943545544476735832064.00000000 
56.00000000 552705774765648005915004656683174199522492416.00000000 
56.10000000 -674192661114221033392202800513079119127248896.00000000 
56.20000000 822382839211336387580620771182670809755811840.00000000 
56.30000000 -1003145796798755588424451108986147443029573632.00000000 
56.40000000 1223641157930838718024196231894334899220381696.00000000 
56.50000000 -1492602259971091202399189624566821552388046848.00000000 
56.60000000 1820682061919275262366402093132533595010760704.00000000 
56.70000000 -2220875084738801180580690438996894840722030592.00000000 
56.80000000 2709032095814795671216148257319821456464412672.00000000 
56.90000000 -3304487923064719702597269787570703722648436736.00000000 
57.00000000 4030827265040683679020116195171043095194107904.00000000 
57.10000000 -4916818829080993681265556356930881559407362048.00000000 
57.20000000 5997554796673080897996218692297515419616411648.00000000 
57.30000000 -7315840747750225786933923788204007427913285632.00000000 
57.40000000 8923891095773171466299908253224998690122366976.00000000 
57.50000000 -10885397186059495134044247226431647801984155648.00000000 
57.60000000 13278049970196969266387487098151777511575388160.00000000 
57.70000000 -16196617174138282840599242065692358806614310912.00000000 
57.80000000 19756696839852283923807904198304002830264958976.00000000 
57.90000000 -24099295910079198438363364110181002333445423104.00000000 
58.00000000 29396415203883961270912289477209361368917999616.00000000 
58.10000000 -35857861991632784974969240266231789275737751552.00000000 
58.20000000 43739560000537079317381906314036161868663357440.00000000 
58.30000000 -53353685991847616701922002791846254023203094528.00000000 
58.40000000 65081034397276132082873588526275790662119981056.00000000 
58.50000000 -79386099750758071563312398567523612682776215552.00000000 
58.60000000 96835474297579364764680468683619320524680724480.00000000 
58.70000000 -118120289469789807327979784215136128919022862336.00000000 
58.80000000 144083590085495299865318144560676026460640641024.00000000 
58.90000000 -175753725503987935387070883500074709082179633152.00000000 
59.00000000 214385080287090457794218815039369570935711465472.00000000 
59.10000000 -261507757618824102278830726594486198298663190528.00000000 
59.20000000 318988183334620114931678788598500389412977770496.00000000 
59.30000000 -389103030952672180703357607876559032379456356352.00000000 
59.40000000 474629395715688970987094148827787663206959284224.00000000 
59.50000000 -578954789238947817775978316171683115135643156480.00000000 
59.60000000 706211311411268098097485475296460909261216546816.00000000 
59.70000000 -861439313803455089466827872132940157155731832832.00000000 
59.80000000 1050787036932650117658288941228300632965708251136.00000000 
59.90000000 -1281754128576515168981998814466933088657617190912.00000000 
60.00000000 1563488688363256412414076027913782616637969530880.00000000 
60.10000000 -1907149603921817571688352396419082743734794715136.00000000 
60.20000000 2326348529931983311281995523110725000869479186432.00000000 
60.30000000 -2837689015894610961104861337348718100713790504960.00000000 
60.40000000 3461424136289827695723940058050212241154995388416.00000000 
60.50000000 -4222258670410542234105569555624839067069401006080.00000000 
60.60000000 5150327604454044589366167880300147867982755790848.00000000 
60.70000000 -6282389712192160329466879634486279640787319783424.00000000 
60.80000000 7663283489330908850960341197465350437560091934720.00000000 
60.90000000 -9347703107924523869851016113472419815811356557312.00000000 
61.00000000 11402364732500719437360119349819844069983900401664.00000000 
61.10000000 -13908649000924811125565377999917594590755283795968.00000000 
61.20000000 16965824332870642849126898842821356200186748076032.00000000 
61.30000000 -20694978734073066707527079976597848511681084260352.00000000 
61.40000000 25243815826499870570597102540426021310958447624192.00000000 
61.50000000 -30792505064673015974225292699733782742163729154048.00000000 
61.60000000 37560817852369081114124706448181637232221002661888.00000000 
61.70000000 -45816832205620652573712662106868540459449193594880.00000000 
61.80000000 55887550734617342143609771290929053416000680099840.00000000 
61.90000000 -68171852499467589431156570623240161825849465634816.00000000 
62.00000000 83156291734404386223747373195949323795134593105920.00000000 
62.10000000 -101434369193229354305249236971275148404895961317376.00000000 
62.20000000 123730039411696136253522041640183588805887104385024.00000000 
62.30000000 -150926384957907800498983079971624378278456676319232.00000000 
62.40000000 184100593394859252299277786800971237292872711536640.00000000 
62.50000000 -224566622315851501418694194692012873195605760933888.00000000 
62.60000000 273927242321199836251405517366327975273526762405888.00000000 
62.70000000 -334137519244331419303906454327095652007428212391936.00000000 
62.80000000 407582250018932370742268204474269413481321540354048.00000000 
62.90000000 -497170419251904350985463788805355006102368575029248.00000000 
63.00000000 606450417719694177597853509242205061112621984382976.00000000 
63.10000000 -739750586339782071870655034436582264440182129295360.00000000 
63.20000000 902350652255607006346115523016837966888694836101120.00000000 
63.30000000 -1100690847242024874409101243643317451195660063735808.00000000 
63.40000000 1342626991152416856417656336605474479581429340569600.00000000 
63.50000000 -1637741643702991616976163778285507243028231799963648.00000000 
63.60000000 1997723648633613569669521637165471021983075074572288.00000000 
63.70000000 -2436831103156437111305372222397489297011814843809792.00000000 
63.80000000 2972456089896188347730270736878673095597447998078976.00000000 
63.90000000 -3625813539114912915627279041869514051583265141161984.00000000 
64.00000000 4422781505542153381058382775134891425850048026509312.00000000 
64.10000000 -5394926141331774533896231308906645202684696407834624.00000000 
64.20000000 6580751962074863061694075720205962216543220561608704.00000000 
64.30000000 -8027226926161720290265059910955379250824808744615936.00000000 
64.40000000 9791642732539551975336897155537637659157380227661824.00000000 
64.50000000 -11943884019177541612091017087136783476010584947818496.00000000 
64.60000000 14569196340210568088482105676426001888038790094651392.00000000 
64.70000000 -17771562555261769113329458514690358811987513041747968.00000000 
64.80000000 21677821362315276797196285710234843735879443535626240.00000000 
64.90000000 -26442691100187879832207972798784296306339290455998464.00000000 
65.00000000 32254897802390426603314681573883165612323863269474304.00000000 
65.10000000 -39344650221144053663681035312135657520405780436615168.00000000 
65.20000000 47992757890848054449081475466333618558760064789774336.00000000 
65.30000000 -58541753377483277570078418754534501590001102801076224.00000000 
65.40000000 71409459241841363350348049712282022548669209461653504.00000000 
65.50000000 -87105537074219820783452845383581913963377490137186304.00000000 
65.60000000 106251674071529289536964394609849391487928909067976704.00000000 
65.70000000 -129606206702831545105297776250983257142914239558582272.00000000 
65.80000000 158094156752661911832613091621973487637277197788512256.00000000 
65.90000000 -192843869403896322598931772434965032074372897365295104.00000000 
66.00000000 235231704514220428111597041060767120590478578043322368.00000000 
66.10000000 -286936551209584510857688934906195053479294700171034624.00000000 
66.20000000 350006324998054240961731788046706728566561643905941504.00000000 
66.30000000 -426939081208806258284736688265647264412110472498642944.00000000 
66.40000000 520781957481576752782685636376427220915771018699603968.00000000 
66.50000000 -635251864201436976411929288863141325947149251566895104.00000000 
66.60000000 774882703162151509319220659827837404957169976149540864.00000000 
66.70000000 -945204945466297631181972590935045807436208356791943168.00000000 
66.80000000 1152964681348670663876719772483394766944035548396781568.00000000 
66.90000000 -1406390818005765828676187115740711021538901089797013504.00000000 
67.00000000 1715521008550977131460141387155064560909438957022871552.00000000 
67.10000000 -2092599221426156749316717054790429538577598158959804416.00000000 
67.20000000 2552560697121440035356248361634314454365242679667720192.00000000 
67.30000000 -3113623500274732831515689783631848012998616717180534784.00000000 
67.40000000 3798010097231333304075471043462439044914532339247218688.00000000 
67.50000000 -4632827539167266425371771737767594401664115598293991424.00000000 
67.60000000 5651141112898240010337126506944862190930021551272099840.00000000 
67.70000000 -6893283984326562429506622340545539278036124218802831360.00000000 
67.80000000 8408454706628864982139775443163077902144471238793232384.00000000 
67.90000000 -10256665866978109239040213128063082750992970550563831808.00000000 
68.00000000 12511121053420110311111221914892935626739775131506180096.00000000 
68.10000000 -15261114288346153907936488967521798543088252493995442176.00000000 
68.20000000 18615566768758572418737604575403196585374448019933495296.00000000 
68.30000000 -22707340995849583419883317871184618718637403592797978624.00000000 
68.40000000 27698503167098405242239144650375502531430037566223548416.00000000 
68.50000000 -33786742262688946061230762804836361272608790510116536320.00000000 
68.60000000 41213200072173983666731449772310047040473553770270162944.00000000 
68.70000000 -50272022291558541705730491007766546254395699581541154816.00000000 
68.80000000 61322008988797398171216497881410499376634346039570071552.00000000 
68.90000000 -74800825887077507507638535042349244501841900687318843392.00000000 
69.00000000 91242339343628396818657615310337864846176131187864502272.00000000 
69.10000000 -111297761624528861879487284578472058109117378035831537664.00000000 
69.20000000 135761443993439932859223935965702023427433132148930904064.00000000 
69.30000000 -165602339221904848090019748728789864473675556275303219200.00000000 
69.40000000 202002379682201872095231835457217969216903354659052191744.00000000 
69.50000000 -246403291094785588216883889735652387498046947885657882624.00000000 
69.60000000 300563696120116098670756798175454259553732183560049131520.00000000 
69.70000000 -366628769542832027685186609005834091319539821309677535232.00000000 
69.80000000 447215203937248927167288628129837225406328012590452572160.00000000 
69.90000000 -545514851117731554995959094377645658170121275079527497728.00000000 
70.00000000 665421144384341618855501011289092805973496124648393277440.00000000 
70.10000000 -811683308871468202538159498893282780559519724938884808704.00000000 
70.20000000 990094467932928934715679183550504576846863815637012054016.00000000 
70.30000000 -1207721096044639741579516799609385952648705450180624777216.00000000 
70.40000000 1473182906350784970727143394210653592504585199761521377280.00000000 
70.50000000 -1796994258584953729870374157293647389650539530085233328128.00000000 
70.60000000 2191980609784766532365121802536309865663920613821744414720.00000000 
70.70000000 -2673786502498860342816422878308171335916107775613931094016.00000000 
70.80000000 3261495210784311157320492171716959621124200938250224795648.00000000 
70.90000000 -3978384586812584875434448492403152501664907752940150718464.00000000 
71.00000000 4852849045509345665012901531943799160183120855635322732544.00000000 
71.10000000 -5919524205016323002059951614364277531139916891142020399104.00000000 
71.20000000 7220658727515875423355512140955088711032044428301168541696.00000000 
71.30000000 -8807787696022672613883526507480734477159777846253450166272.00000000 
71.40000000 10743773805924944747668237725580171771092433974907067432960.00000000 
71.50000000 -13105297218392650512950821597712803185596751436216277139456.00000000 
71.60000000 15985892693282004395329936401399714506938177733184540639232.00000000 
71.70000000 -19499654295705453943638686048069424603550892978117206343680.00000000 
71.80000000 23785754411564185972785410820627484348358534924431423176704.00000000 
71.90000000 -29013956060331131677864630155913889573252047845144001511424.00000000 
72.00000000 35391336835696639201449892846258618716052310878698061430784.00000000 
72.10000000 -43170490794609785128370067441355022906101144931787075485696.00000000 
72.20000000 52659533153540555482872439675862942032064596116249042223104.00000000 
72.30000000 -64234304056026005091444523458637885565355156113450541776896.00000000 
72.40000000 78353254775950959749524768912380410411778485826465409531904.00000000 
72.50000000 -95575605966406386761179911170527735576494723179200554991616.00000000 
72.60000000 116583497162513527834443852498965389563807338687162535116800.00000000 
72.70000000 -142209004831411797894957452170113891402017658654065569038336.00000000 
72.80000000 173467099095078238072128753954761689510327093089444160339968.00000000 
72.90000000 -211595844469443088663659914045893938899004841360170931978240.00000000 
73.00000000 258105436882855473537592719573119265069929029633512533131264.00000000 
73.10000000 -314838019222585286998995081287390901541263762272920547622912.00000000 
73.20000000 384040644571889570496594593263577112457859916423991547396096.00000000 
73.30000000 -468454277051341150878825236241818772981556965079895576150016.00000000 
73.40000000 571422355392426066529317005409301648107631938693328187424768.00000000 
73.50000000 -697023219208311595331148197230037945453184358675916055904256.00000000 
73.60000000 850231643075750740342968601950313852746054918401073019355136.00000000 
73.70000000 -1037115876438611837946547161536667946865882471680277649293312.00000000 
73.80000000 1265077993651195546883972101862975084406706379547940898209792.00000000 
73.90000000 -1543147073899090128062520637579852033542863495974210827714560.00000000 
74.00000000 1882336823210831598108980356894915897823851777937625229295616.00000000 
74.10000000 -2296081803183422624581343509741830286843807262199747281158144.00000000 
74.20000000 2800769544484200790666287031387636118389971627767037780033536.00000000 
74.30000000 -3416389620977102798123089051700896628371198968357048754896896.00000000 
74.40000000 4167325392875041767190753381472006663909854270160343643717632.00000000 
74.50000000 -5083319778127119219549851863097723082277946786522158935834624.00000000 
74.60000000 6200653304125889597735463397307084002649629929718720856326144.00000000 
74.70000000 -7563581099777475914992652845596485318309380428106729108013056.00000000 
74.80000000 9226085744036880534631601617929630553287769880759467052630016.00000000 
74.90000000 -11254015397392228699744370575152289962938876160208570482163712.00000000 
75.00000000 13727691902993773156327504012758451385092095904439004351692800.00000000 
75.10000000 -16745092158589737962275372180255670516975714521984172222840832.00000000 
75.20000000 20425728766429669483035807049628624438511157272828782347026432.00000000 
75.30000000 -24915383665161606897287849164875025139008952990711794267848704.00000000 
75.40000000 30391882232494314525547255045114444187372289588305718266560512.00000000 
75.50000000 -37072136558159333849304905347688707660586644385630190680670208.00000000 
75.60000000 45220736855758052632461833843261546638122049580942230963617792.00000000 
75.70000000 -55160431300462556044087793049761231162464239777603192172314624.00000000 
75.80000000 67284909375943077333693259392701848796365296611175726044938240.00000000 
75.90000000 -82074395050839786977565096806841970681010358422073482590289920.00000000 
76.00000000 100114667396278992124719298115438637068769439980005119081054208.00000000 
76.10000000 -122120262009351376976663891064409996428745481056498875585527808.00000000 
76.20000000 148962772200019547482577471200274255026782734640989105740054528.00000000 
76.30000000 -181705370889359200536887496203591317825973677151278954306338816.00000000 
76.40000000 221644920555763259667680786295212117862777921170191742436114432.00000000 
76.50000000 -270363339111664499836767194062604545584569743380971214855995392.00000000 
76.60000000 329790256200429077871158130556540413642666227476117974077669376.00000000 
76.70000000 -402279441591836140119615679603363949814666438848187277336641536.00000000 
76.80000000 490702032837163497381463469125313038476411985108317393614012416.00000000 
76.90000000 -598560254726701548206586300571632403978261437368283107631824896.00000000 
77.00000000 730126134727844080126557056081393044975595742148555145268428800.00000000 
77.10000000 -890610708617839180257209123004189621968499734227705165739196416.00000000 
77.20000000 1086370418174979715691899772010495938670874817932561720165793792.00000000 
77.30000000 -1325158875887830993458887165263242087252608025586578871008886784.00000000 
77.40000000 1616433968530112149612995571388365728664038846074268759967662080.00000000 
77.50000000 -1971732463299875853304085393818588378718223564016286374995951616.00000000 
77.60000000 2405126953850062637084793462006092900519811543309085275559297024.00000000 
77.70000000 -2933783244839901127363248378256463269478873088782373433609551872.00000000 
77.80000000 3578640251786023380330420279489261849048327322078638580189626368.00000000 
77.90000000 -4365239345554310187195089023871584368361237474357224934498893824.00000000 
78.00000000 5324735990007748039809110821399062877866755398334736416362201088.00000000 
78.10000000 -6495133741557409110818405886250625878770973090434515569857265664.00000000 
78.20000000 7922789486630712268737128108260480510849077721021750506678124544.00000000 
78.30000000 -9664249536209694602913912061915985364584537265356423634901532672.00000000 
78.40000000 11788489301114590402203020399207458297419859170420923891825246208.00000000 
78.50000000 -14379645256655531932996430086321303246500347106551208916377665536.00000000 
78.60000000 17540347403776804052302574832277730518230897642811219251935838208.00000000 
78.70000000 -21395784218166251800115495222148893609370906904136073030032949248.00000000 
78.80000000 26098661091043305941550082785859622524927126577492064188695052288.00000000 
78.90000000 -31835248654583575345936838201215077182289623708159314430257004544.00000000 
79.00000000 38832760552876739587528747660512657086686574579835037135035957248.00000000 
79.10000000 -47368352875734272350149647130142474579912119713119745009017421824.00000000 
79.20000000 57780101703170446189185986783124977792755690119030103689150857216.00000000 
79.30000000 -70480393557002447318220112249225462008170797241652539310439661568.00000000 
79.40000000 85972259125971420439668792223925824344232544323585456514342584320.00000000 
79.50000000 -104869297207391015494087629138795791745863814971086721916176695296.00000000 
79.60000000 127919978008927817283693364961665464538995140927808819482844987392.00000000 
79.70000000 -156037288410962147084370214582351315813253336034315912608298827776.00000000 
79.80000000 190334893373312666763830971876827314360713545957323858728196243456.00000000 
79.90000000 -232171245760287227820318321709750256312913148493562444796529737728.00000000 
80.00000000 283203391677427576599179258396284769893044664123171488242744688640.00000000 
80.10000000 -345452602431258258459990025068264164270131014142831040093627613184.00000000 
80.20000000 421384432649930936104838141930262494622594646085571859068005384192.00000000 
80.30000000 -514006375491230614194704324004811809112003013808637132124893216768.00000000 
80.40000000 626986982846423200489940829367744571274561710377449363513899220992.00000000 
80.50000000 -764801168629799875683459697916352284614661839191194225934516355072.00000000 
80.60000000 932907450298343132056103750698728132113260587285504402291769212928.00000000 
80.70000000 -1137964148749137240749226945209187655502961226715931896426843340800.00000000 
80.80000000 1388093109797998028355794528782403194314445077971877160862506549248.00000000 
80.90000000 -1693201392668336377262660925379919521200075822830992154388099760128.00000000 
81.00000000 2065373666865332691504184645947715120837470559714809932193365753856.00000000 
81.10000000 -2519350859414469304206567121074546745477737176569534914497953660928.00000000 
81.20000000 3073114010631120712502346819746451467143219170637386323527532019712.00000000 
81.30000000 -3748596463666918038180808837026503804507005455266633082211443671040.00000000 
81.40000000 4572552596097887927774670354557052988946021352744039556412109488128.00000000 
81.50000000 -5577617502106073508606212304218242648200067736659011330311272267776.00000000 
81.60000000 6803599596940317929848225926982185344455355927997168939606587998208.00000000 
81.70000000 -8299057340882200979861038000380034434096863848152641331688892268544.00000000 
81.80000000 10123222533293197723161570476396363821864793986668700621212175302656.00000000 
81.90000000 -12348346354199480667756736841676415259072088923409646431243731992576.00000000 
82.00000000 15062561074972990588895335863804765221722937036622084044779637702656.00000000 
82.10000000 -18373370784188676005368265211091568403417302517174192772550632669184.00000000 
82.20000000 22411909388648463385566924551192733768007087965849860558079769182208.00000000 
82.30000000 -27338134539648060162332893730092991318161522742335087293642601136128.00000000 
82.40000000 33347163204507686253237940741754259702813082101604845773396870430720.00000000 
82.50000000 -40676999821451134663628070026794695199286755582977025603001349308416.00000000 
82.60000000 49617963133088137724164886149520796597610554412437556610317531742208.00000000 
82.70000000 -60524185074686388556031883185127343245872362386772998544988422799360.00000000 
82.80000000 73827637162962693146577639423571733895959499367146756028312900861952.00000000 
82.90000000 -90055239939871472998235786763410060359007851900705999169153218379776.00000000 
83.00000000 109849733138911291923969084540741122779231559816861553313093701861376.00000000 
83.10000000 -133995133195435999345920550991511874210369395516883018111510212771840.00000000 
83.20000000 163447786417085691662337304937345872463379318023614760557697786970112.00000000 
83.30000000 -199374247762270295167049733790060952675058962105193717568828354854912.00000000 
83.40000000 243197485521993828885351459276980983012740742244557042819468156207104.00000000 
83.50000000 -296653241971067817143093187089047981140486339313584137079496103690240.00000000 
83.60000000 361858782310420955742588734112600175468935277969990697651266597683200.00000000 
83.70000000 -441396754895236199440128680734088051328060450501580416140002742763520.00000000 
83.80000000 538417484268515387628154554347208572301814859723460876021670126551040.00000000 
83.90000000 -656763748602642354491390502472971480248786394390964766548670793383936.00000000 
84.00000000 801122983709572291112322233689175705442653738722117192172660389314560.00000000 
84.10000000 -977212942086471366717290700066695409822537086774135619588930085584896.00000000 
84.20000000 1192008160544160799486849992068632410412992894674041849539754368958464.00000000 
84.30000000 -1454016206304135724824419218541369832946409923401481949873309887758336.00000000 
84.40000000 1773614643065815242666171766074066179426259579065552991362990542422016.00000000 
84.50000000 -2163462063530461783578499403323774845758238076269973555950028050137088.00000000 
84.60000000 2638999468478000032722348570698019035646906167089001594679957871656960.00000000 
84.70000000 -3219061850921661796667438831602982460017000543105574193822011198799872.00000000 
84.80000000 3926624208846665057888432276516983691323111814393067995956586787897344.00000000 
84.90000000 -4789711534460327666573257655620890100711542553831883030330733695598592.00000000 
85.00000000 5842508822630795664769073078998682224103620690833066122467143611056128.00000000 
85.10000000 -7126715063512646392229549146987020497857098975257864564939327795101696.00000000 
85.20000000 8693194848035855141158217257326805438254676571121722119686348039258112.00000000 
85.30000000 -10603993002726988755191944223095514344828375033768390136561691447525376.00000000 
85.40000000 12934792049126650030236778600209467832847215724505404726815375744827392.00000000 
85.50000000 -15777909822377649073785763836357073149636666753632388751035666182176768.00000000 
85.60000000 19245955978077710885747516827463383779379504146205707122220939964579840.00000000 
85.70000000 -23476292213608733428084770567342426661388468412114671599924042168008704.00000000 
85.80000000 28636472863521207934970723132533614503967756671793616447164450072428544.00000000 
85.90000000 -34930881359017220280062357898489132523008436241574158863763715437625344.00000000 
86.00000000 42608825407128093595002800906507094139815887727928586202687340753715200.00000000 
86.10000000 -51974411521868457718063478261091970178934791332745593344838651739111424.00000000 
86.20000000 63398590015875474230235326825521708838034560820532129750640205955596288.00000000 
86.30000000 -77333847528218642506171878220456306967438128779969057665129543133822976.00000000 
86.40000000 94332129027162933684696943499126404998365055773014446606674618702888960.00000000 
86.50000000 -115066699139083815980050655620106868966784151089174836307799390614978560.00000000 
86.60000000 140358808682796472336681532674280019451854933411157850079707352417697792.00000000 
86.70000000 -171210222612202409818708999460663223494236611334627363919647522569584640.00000000 
86.80000000 208842897727677436264165132458545308849549577945008795647566361445531648.00000000 
86.90000000 -254747381703273379420389321673237000287345955631641494598708876160270336.00000000 
87.00000000 310741850408986778224349399586151415471066986435686618327119529934585856.00000000 
87.10000000 -379044121866868129942014927674452340449456645253831242569278216034320384.00000000 
87.20000000 462359499155734089048984139906064512611375487109091766314413108198637568.00000000 
87.30000000 -563987921529161785177551506720255532480848787621425499414904223263883264.00000000 
87.40000000 687954667767398763888118896427411951630031107109746865440653269603975168.00000000 
87.50000000 -839169788636121310348741988374597700119703177989281795911026295055581184.00000000 
87.60000000 1023622583221847248795729845610496257704228483257544483165342259725991936.00000000 
87.70000000 -1248618821924860347178634388202437912109288203960002441416188546596732928.00000000 
87.80000000 1523070111991791505362841139391735744468995449985290761650982262065332224.00000000 
87.90000000 -1857846866721577106251314228626151305791621964145779148635467563023728640.00000000 
88.00000000 2266208858680422347863366830842196266785644235643602421105169287274823680.00000000 
88.10000000 -2764330410193746045396660960963029812505879658403220117077535277933658112.00000000 
88.20000000 3371941022757920844485802907560917739735363889100720669215626454248718336.00000000 
88.30000000 -4113106819296914618582297200987925552242128584330998988602115027034439680.00000000 
88.40000000 5017183750476687084237580249623635700369054273312271271053687744064651264.00000000 
88.50000000 -6119980319487589609204872685504398928284485873847567899582476236261163008.00000000 
88.60000000 7465175878271723241774616093159433463472319783234619236004450461770842112.00000000 
88.70000000 -9106050670796278592059632353434134121883942626758094788866484197767774208.00000000 
88.80000000 11107596146590234992453555803867125304015367994321177956668816364079677440.00000000 
88.90000000 -13549089129432372589041054674980984243490089824486565971534010743399645184.00000000 
89.00000000 16527231798363183400359804135191442617832461603349162735046876215036084224.00000000 
89.10000000 -20159981848777646890750236637059675865991487946976193480906077899019255808.00000000 
89.20000000 24591224537874240901239551712679160197071172140606356906938218481836883968.00000000 
89.30000000 -29996471663927341995825710244795187177662072161685453023210276398947106816.00000000 
89.40000000 36589813203445181465830877042605693369609654929880387777635595719836434432.00000000 
89.50000000 -44632396945305415837578408139173617292663818775170891354735603579688583168.00000000 
89.60000000 54442771981567352822543628607619751355306721006081877201414192722939478016.00000000 
89.70000000 -66409505737932360732856900814229976136260161102203491896714547347285082112.00000000 
89.80000000 81006574276740304648208471397328658412758093296162973282926545018694926336.00000000 
89.90000000 -98812135448628480081299595218489133967047629137602114768942987569149247488.00000000 
90.00000000 120531428456191701702409697794068923068208683517336952072388095617582235648.00000000 
90.10000000 -147024706831105165783944862645461314262962641110670028479782581387409752064.00000000 
90.20000000 179341311188633757972624866233564226636130662829338697700532417030090915840.00000000 
90.30000000 -218761231306558668972994809138887004917414906242405507559995548199446118400.00000000 
90.40000000 266845803711257225561822789889119028603096625326300900724530636309869363200.00000000 
90.50000000 -325499552791061559197723925094534616358653556372925867849807802723393863680.00000000 
90.60000000 397045624827681849240912359926932875146558047875471247864453757399226908672.00000000 
90.70000000 -484317802722134268764000539209240100005487544126315569704283172255718965248.00000000 
90.80000000 590772745916535586876600905466696581560542296922796273037473159728880156672.00000000 
90.90000000 -720626901088748523601366454633297176904230617159966610446809858432181469184.00000000 
91.00000000 879023506352035036490598593794772340871286852315847980271271947671573626880.00000000 
91.10000000 -1072236303629562437763978125964313891880114586763643144917631526076258713600.00000000 
91.20000000 1307918027803860112029817610367390118995963458343967895876011669526629318656.00000000 
91.30000000 -1595403514751106643269709596010297493674709204217490555488335572166193971200.00000000 
91.40000000 1946079433704302769337701448771509116465847140030964118071345898393106907136.00000000 
91.50000000 -2373835288232827911698594601417928694457257294346136454937173309802720264192.00000000 
91.60000000 2895613548997434255404748141136735702641168526001939204486813978872762073088.00000000 
91.70000000 -3532080707831801694207396070822136752611829321805042262842048590491466858496.00000000 
91.80000000 4308445832130155093781510995364617957882109488840216361843932793348632346624.00000000 
91.90000000 -5255459040683863972760707107816525267058986968515519185910070775249845092352.00000000 
92.00000000 6410629448403700200804380560794145402117076573897643279547062968610719793152.00000000 
92.10000000 -7819710820045345177939090313427376307279282236888398263270991610649117720576.00000000 
92.20000000 9538513776421839236142843241559261250206044873350564098177255882546068062208.00000000 
92.30000000 -11635116330614082157946663017243301240931374059158705920304288989901813186560.00000000 
92.40000000 14192560308667472099321508448456581746578594497014046466298971478506793336832.00000000 
92.50000000 -17312140454081072926000919507414264589917322667359447533467470120655932882944.00000000 
92.60000000 21117416490299901912497093955018397799330360500422866488567157039886300610560.00000000 
92.70000000 -25759107050201033690999757089421623709649466867528594128894332936610453127168.00000000 
92.80000000 31421059310380313460571343679998716632835636438039181113481297675179079499776.00000000 
92.90000000 -38327530774353161646329165375805551229923069188604430609811642059150621409280.00000000 
93.00000000 46752071620121578119103009830320937124804864113480953357405954498839328063488.00000000 
93.10000000 -57028359422401794179520804715126146513414688706926893970536418884920620875776.00000000 
93.20000000 69563415389082298362012202530755836597310087342111874981145312105276112896000.00000000 
93.30000000 -84853725578034707096573508691467378984490354279121233874182568595859724828672.00000000 
93.40000000 103504905620296186342843347636111669925384924545480696601867919648557075791872.00000000 
93.50000000 -126255687826153186775912589374680928688923019589033840585979316560219628109824.00000000 
93.60000000 154007180750757471337611866643521804869511523364534888978358806482519072964608.00000000 
93.70000000 -187858560126456195879764302547165177573842410901729108461521159572975549153280.00000000 
93.80000000 229150604801339949689517587662387875899048487725226532362967270311709292625920.00000000 
93.90000000 -279518802046992175755571337612120327933461805991819721406708067697659266203648.00000000 
94.00000000 340958125620136840560553089222311534009547992088835733209848817810521290964992.00000000 
94.10000000 -415902052295046891410985606785969414600166220860472702406449274402119490732032.00000000 
94.20000000 507318946538155576556140365421623772912499698466143501888230207151620795400192.00000000 
94.30000000 -618829630910309101464634786439543396828051318280048790877543036843019517034496.00000000 
94.40000000 754850798902279155435573380452214550832375879877519081386652460629583726641152.00000000 
94.50000000 -920769950471220743070057172105353690223886888264175111148005700675104715833344.00000000 
94.60000000 1123158779090767411525982316264204973047701071249426501277458100060129029259264.00000000 
94.70000000 -1370033462107527666542836165580884625568737752830183087090592299859659743821824.00000000 
94.80000000 1671172163933778642693572514617163038772114428116550234387281583361979261648896.00000000 
94.90000000 -2038502327681039164757879104457900894951813088010565805413901574043948032196608.00000000 
95.00000000 2486573095006194226321496290340021289004380535453251307416048931300565307097088.00000000 
95.10000000 -3033131565683516773011249754533607302805106174324341079243527864885180987604992.00000000 
95.20000000 3699825721279601017801224058213766317874882133050512988250253358933630869569536.00000000 
95.30000000 -4513061854195357015581283645698509614458140771809495776270042645100647000571904.00000000 
95.40000000 5505050462957743988584193248613774379155056697509361797031856980331876004659200.00000000 
95.50000000 -6715082039378454611014960945144019366120163450813240495082785437233397402435584.00000000 
95.60000000 8191083278709125997540633358791986341100040333569708493338557718583221300494336.00000000 
95.70000000 -9991515350862105668233037217143230764547852607181325885512554778098631262076928.00000000 
95.80000000 12187689419053968593934759709890487077913017887912339844090752756538646475046912.00000000 
95.90000000 -14866591118483692776706029636858217164719223250876160826601682753998117182373888.00000000 
96.00000000 18134325866447447679222640350081024529763726257083410154014464618433729366327296.00000000 
96.10000000 -22120321465062672506596908705373043838612386776649726881301814854803554268348416.00000000 
96.20000000 26982454452472517340063226760712658927196353990683502899629536813787096413110272.00000000 
96.30000000 -32913303246051680759025845266622941133466274418803532027342322087182283512479744.00000000 
96.40000000 40147775750893188985471741938879418518595190735264713717472119395228064478658560.00000000 
96.50000000 -48972413546408956353214542042174708540904350712909417514331169845273509303943168.00000000 
96.60000000 59736741169456776792372142183608636830858315203950096667959357360793030915784704.00000000 
96.70000000 -72867110014191669702970690629547830721198368886250264153892297803318503028031488.00000000 
96.80000000 88883585175133449939175001863287104015239046941971818274271046509575994842546176.00000000 
96.90000000 -108420544084245060209869858230581342119096756030082223353110256462060026396147712.00000000 
97.00000000 132251802808831468757508361727660305966976365170483091670760379066944442685456384.00000000 
97.10000000 -161321265207777663509716953205223469193591454648840307855678718171204491616976896.00000000 
97.20000000 196780308891942518364551392726171688956708794479454366978767556253059551185600512.00000000 
97.30000000 -240033388764554691917995844007129484359880509174708518426204820782250562953412608.00000000 
97.40000000 292793664397764426725437230896179492076069303250467470017778104730693152660258816.00000000 
97.50000000 -357150854523660473139399903221319950982110998841938738322825602729438949448613888.00000000 
97.60000000 435654006207228594918738858473270132885308166053156501567889265712646481577508864.00000000 
97.70000000 -531412457006551900575666279754909334344431496896158107060471768959586416648519680.00000000 
97.80000000 648218989009849355149005370375233866623080764811619744392077973296481048236916736.00000000 
97.90000000 -790700052610491600510351760482128201826452729352633077259264798058534334218895360.00000000 
98.00000000 964499010054046100665437743125271845271689540223105294190879293069006036235452416.00000000 
98.10000000 -1176499656632109998651610190309362260767917471973702267377578355066492246988685312.00000000 
98.20000000 1435098872706890015876248484403267391244434382076240346025834314656313931582144512.00000000 
98.30000000 -1750539205714866131376859586339293254767324445208717188462026561587951324794716160.00000000 
98.40000000 2135314554992836468426992318938984693151364160159727221410644939291494461500030976.00000000 
98.50000000 -2604665027712000887247323183606385848696714403145299787258437178183127116292292608.00000000 
98.60000000 3177180566077636907575754927227288390964472068354192991430096131004034311465730048.00000000 
98.70000000 -3875537254143055734527458489343050563416925377423322838946551951024029844327366656.00000000 
98.80000000 4727395467734859791135571666884754124672197247877943112821251154488669273338150912.00000000 
98.90000000 -5766495441236999987981020495479949646623492864319883504539357694576653567457755136.00000000 
99.00000000 7033993644229659954827646534768232699990438687478588224869146873197908707218817024.00000000 
99.10000000 -8580092898928864643910745788153237593295045514802085635415627007370129077935538176.00000000 
99.20000000 10466030803801205980891611519721026453977301187272114189267550317024538345290596352.00000000 
99.30000000 -12766505220449347373266723735424645608223654577456314731586952415937100429846904832.00000000 
99.40000000 15572632891980946952194301050188869297292894544726940604688162973942314600000126976.00000000 
99.50000000 -18995558377241727165142444173649185627153878158583241234855133450785494311232339968.00000000 
99.60000000 23170856242877639166248612077180533281505200159141770780487437481285136379673575424.00000000 
99.70000000 -28263900874392783505640555683287393806431335397730716387978719006813860890692026368.00000000 
99.80000000 34476416592634753916502167708027480537428488669215591017536146211039304791130898432.00000000 
99.90000000 -42054467511446683724244089408966396288051976514435419113135956364200958751963873280.00000000 
100.00000000 51298203597213427406199803471614039052649279274989758662790528756719688291916447744.00000000 
