0.00000000 1.50000000 
0.16000000 1.62000000 
0.32000000 1.78070400 
0.48000000 2.00313644 
0.64000000 2.32464350 
0.80000000 2.81733533 
0.96000000 3.63654221 
1.12000000 5.17060574 
1.28000000 8.62093501 
1.44000000 19.13286866 
1.60000000 74.64227581 
1.76000000 954.13460586 
1.92000000 146461.12844395 
2.08000000 3432260970.55980778 
2.24000000 1884866462087603712.00000000 
2.40000000 568435452784422412341495324399894528.00000000 
2.56000000 51699018237157009931036514952986488039518934695077373746623779369385984.00000000 
2.72000000 427646157869742902195401087613404534077327287320558502362153236932802328503473598241475696635970155786666099541206211303463435755682894184448.00000000 
2.88000000 29260997814520491680012036493090329775072482372104155343622637585866710824299371847842192103366612467519663946096422684395464119638441523692842630106979763139024140552147628452680106342671956750617640361691561662906097106927367425194688283769812172052248754653899456111440880992256.00000000 
3.04000000 inf 
3.20000000 inf 
3.36000000 inf 
3.52000000 inf 
3.68000000 inf 
3.84000000 inf 
4.00000000 inf 
4.16000000 inf 
4.32000000 inf 
4.48000000 inf 
4.64000000 inf 
4.80000000 inf 
4.96000000 inf 
5.12000000 inf 
5.28000000 inf 
5.44000000 inf 
5.60000000 inf 
5.76000000 inf 
5.92000000 inf 
6.08000000 inf 
6.24000000 inf 
6.40000000 inf 
6.56000000 inf 
6.72000000 inf 
6.88000000 inf 
7.04000000 inf 
7.20000000 inf 
7.36000000 inf 
7.52000000 inf 
7.68000000 inf 
7.84000000 inf 
8.00000000 inf 
8.16000000 inf 
8.32000000 inf 
8.48000000 inf 
8.64000000 inf 
8.80000000 inf 
8.96000000 inf 
9.12000000 inf 
9.28000000 inf 
9.44000000 inf 
9.60000000 inf 
9.76000000 inf 
9.92000000 inf 
10.08000000 inf 
10.24000000 inf 
10.40000000 inf 
10.56000000 inf 
10.72000000 inf 
10.88000000 inf 
11.04000000 inf 
11.20000000 inf 
11.36000000 inf 
11.52000000 inf 
11.68000000 inf 
11.84000000 inf 
12.00000000 inf 
12.16000000 inf 
12.32000000 inf 
12.48000000 inf 
12.64000000 inf 
12.80000000 inf 
12.96000000 inf 
13.12000000 inf 
13.28000000 inf 
13.44000000 inf 
13.60000000 inf 
13.76000000 inf 
13.92000000 inf 
14.08000000 inf 
14.24000000 inf 
14.40000000 inf 
14.56000000 inf 
14.72000000 inf 
14.88000000 inf 
15.04000000 inf 
15.20000000 inf 
15.36000000 inf 
15.52000000 inf 
15.68000000 inf 
15.84000000 inf 
16.00000000 inf 
16.16000000 inf 
16.32000000 inf 
16.48000000 inf 
16.64000000 inf 
16.80000000 inf 
16.96000000 inf 
17.12000000 inf 
17.28000000 inf 
17.44000000 inf 
17.60000000 inf 
17.76000000 inf 
17.92000000 inf 
18.08000000 inf 
18.24000000 inf 
18.40000000 inf 
18.56000000 inf 
18.72000000 inf 
18.88000000 inf 
19.04000000 inf 
19.20000000 inf 
19.36000000 inf 
19.52000000 inf 
19.68000000 inf 
19.84000000 inf 
20.00000000 inf 
20.16000000 inf 
20.32000000 inf 
20.48000000 inf 
20.64000000 inf 
20.80000000 inf 
20.96000000 inf 
21.12000000 inf 
21.28000000 inf 
21.44000000 inf 
21.60000000 inf 
21.76000000 inf 
21.92000000 inf 
22.08000000 inf 
22.24000000 inf 
22.40000000 inf 
22.56000000 inf 
22.72000000 inf 
22.88000000 inf 
23.04000000 inf 
23.20000000 inf 
23.36000000 inf 
23.52000000 inf 
23.68000000 inf 
23.84000000 inf 
24.00000000 inf 
24.16000000 inf 
24.32000000 inf 
24.48000000 inf 
24.64000000 inf 
24.80000000 inf 
24.96000000 inf 
25.12000000 inf 
25.28000000 inf 
25.44000000 inf 
25.60000000 inf 
25.76000000 inf 
25.92000000 inf 
26.08000000 inf 
26.24000000 inf 
26.40000000 inf 
26.56000000 inf 
26.72000000 inf 
26.88000000 inf 
27.04000000 inf 
27.20000000 inf 
27.36000000 inf 
27.52000000 inf 
27.68000000 inf 
27.84000000 inf 
28.00000000 inf 
28.16000000 inf 
28.32000000 inf 
28.48000000 inf 
28.64000000 inf 
28.80000000 inf 
28.96000000 inf 
29.12000000 inf 
29.28000000 inf 
29.44000000 inf 
29.60000000 inf 
29.76000000 inf 
29.92000000 inf 
30.08000000 inf 
30.24000000 inf 
30.40000000 inf 
30.56000000 inf 
30.72000000 inf 
30.88000000 inf 
31.04000000 inf 
31.20000000 inf 
31.36000000 inf 
31.52000000 inf 
31.68000000 inf 
31.84000000 inf 
32.00000000 inf 
32.16000000 inf 
32.32000000 inf 
32.48000000 inf 
32.64000000 inf 
32.80000000 inf 
32.96000000 inf 
33.12000000 inf 
33.28000000 inf 
33.44000000 inf 
33.60000000 inf 
33.76000000 inf 
33.92000000 inf 
34.08000000 inf 
34.24000000 inf 
34.40000000 inf 
34.56000000 inf 
34.72000000 inf 
34.88000000 inf 
35.04000000 inf 
35.20000000 inf 
35.36000000 inf 
35.52000000 inf 
35.68000000 inf 
35.84000000 inf 
36.00000000 inf 
36.16000000 inf 
36.32000000 inf 
36.48000000 inf 
36.64000000 inf 
36.80000000 inf 
36.96000000 inf 
37.12000000 inf 
37.28000000 inf 
37.44000000 inf 
37.60000000 inf 
37.76000000 inf 
37.92000000 inf 
38.08000000 inf 
38.24000000 inf 
38.40000000 inf 
38.56000000 inf 
38.72000000 inf 
38.88000000 inf 
39.04000000 inf 
39.20000000 inf 
39.36000000 inf 
39.52000000 inf 
39.68000000 inf 
39.84000000 inf 
40.00000000 inf 
40.16000000 inf 
40.32000000 inf 
40.48000000 inf 
40.64000000 inf 
40.80000000 inf 
40.96000000 inf 
41.12000000 inf 
41.28000000 inf 
41.44000000 inf 
41.60000000 inf 
41.76000000 inf 
41.92000000 inf 
42.08000000 inf 
42.24000000 inf 
42.40000000 inf 
42.56000000 inf 
42.72000000 inf 
42.88000000 inf 
43.04000000 inf 
43.20000000 inf 
43.36000000 inf 
43.52000000 inf 
43.68000000 inf 
43.84000000 inf 
44.00000000 inf 
44.16000000 inf 
44.32000000 inf 
44.48000000 inf 
44.64000000 inf 
44.80000000 inf 
44.96000000 inf 
45.12000000 inf 
45.28000000 inf 
45.44000000 inf 
45.60000000 inf 
45.76000000 inf 
45.92000000 inf 
46.08000000 inf 
46.24000000 inf 
46.40000000 inf 
46.56000000 inf 
46.72000000 inf 
46.88000000 inf 
47.04000000 inf 
47.20000000 inf 
47.36000000 inf 
47.52000000 inf 
47.68000000 inf 
47.84000000 inf 
48.00000000 inf 
48.16000000 inf 
48.32000000 inf 
48.48000000 inf 
48.64000000 inf 
48.80000000 inf 
48.96000000 inf 
49.12000000 inf 
49.28000000 inf 
49.44000000 inf 
49.60000000 inf 
49.76000000 inf 
49.92000000 inf 
50.08000000 inf 
50.24000000 inf 
50.40000000 inf 
50.56000000 inf 
50.72000000 inf 
50.88000000 inf 
51.04000000 inf 
51.20000000 inf 
51.36000000 inf 
51.52000000 inf 
51.68000000 inf 
51.84000000 inf 
52.00000000 inf 
52.16000000 inf 
52.32000000 inf 
52.48000000 inf 
52.64000000 inf 
52.80000000 inf 
52.96000000 inf 
53.12000000 inf 
53.28000000 inf 
53.44000000 inf 
53.60000000 inf 
53.76000000 inf 
53.92000000 inf 
54.08000000 inf 
54.24000000 inf 
54.40000000 inf 
54.56000000 inf 
54.72000000 inf 
54.88000000 inf 
55.04000000 inf 
55.20000000 inf 
55.36000000 inf 
55.52000000 inf 
55.68000000 inf 
55.84000000 inf 
56.00000000 inf 
56.16000000 inf 
56.32000000 inf 
56.48000000 inf 
56.64000000 inf 
56.80000000 inf 
56.96000000 inf 
57.12000000 inf 
57.28000000 inf 
57.44000000 inf 
57.60000000 inf 
57.76000000 inf 
57.92000000 inf 
58.08000000 inf 
58.24000000 inf 
58.40000000 inf 
58.56000000 inf 
58.72000000 inf 
58.88000000 inf 
59.04000000 inf 
59.20000000 inf 
59.36000000 inf 
59.52000000 inf 
59.68000000 inf 
59.84000000 inf 
60.00000000 inf 
60.16000000 inf 
60.32000000 inf 
60.48000000 inf 
60.64000000 inf 
60.80000000 inf 
60.96000000 inf 
61.12000000 inf 
61.28000000 inf 
61.44000000 inf 
61.60000000 inf 
61.76000000 inf 
61.92000000 inf 
62.08000000 inf 
62.24000000 inf 
62.40000000 inf 
62.56000000 inf 
62.72000000 inf 
62.88000000 inf 
63.04000000 inf 
63.20000000 inf 
63.36000000 inf 
63.52000000 inf 
63.68000000 inf 
63.84000000 inf 
64.00000000 inf 
64.16000000 inf 
64.32000000 inf 
64.48000000 inf 
64.64000000 inf 
64.80000000 inf 
64.96000000 inf 
65.12000000 inf 
65.28000000 inf 
65.44000000 inf 
65.60000000 inf 
65.76000000 inf 
65.92000000 inf 
66.08000000 inf 
66.24000000 inf 
66.40000000 inf 
66.56000000 inf 
66.72000000 inf 
66.88000000 inf 
67.04000000 inf 
67.20000000 inf 
67.36000000 inf 
67.52000000 inf 
67.68000000 inf 
67.84000000 inf 
68.00000000 inf 
68.16000000 inf 
68.32000000 inf 
68.48000000 inf 
68.64000000 inf 
68.80000000 inf 
68.96000000 inf 
69.12000000 inf 
69.28000000 inf 
69.44000000 inf 
69.60000000 inf 
69.76000000 inf 
69.92000000 inf 
70.08000000 inf 
70.24000000 inf 
70.40000000 inf 
70.56000000 inf 
70.72000000 inf 
70.88000000 inf 
71.04000000 inf 
71.20000000 inf 
71.36000000 inf 
71.52000000 inf 
71.68000000 inf 
71.84000000 inf 
72.00000000 inf 
72.16000000 inf 
72.32000000 inf 
72.48000000 inf 
72.64000000 inf 
72.80000000 inf 
72.96000000 inf 
73.12000000 inf 
73.28000000 inf 
73.44000000 inf 
73.60000000 inf 
73.76000000 inf 
73.92000000 inf 
74.08000000 inf 
74.24000000 inf 
74.40000000 inf 
74.56000000 inf 
74.72000000 inf 
74.88000000 inf 
75.04000000 inf 
75.20000000 inf 
75.36000000 inf 
75.52000000 inf 
75.68000000 inf 
75.84000000 inf 
76.00000000 inf 
76.16000000 inf 
76.32000000 inf 
76.48000000 inf 
76.64000000 inf 
76.80000000 inf 
76.96000000 inf 
77.12000000 inf 
77.28000000 inf 
77.44000000 inf 
77.60000000 inf 
77.76000000 inf 
77.92000000 inf 
78.08000000 inf 
78.24000000 inf 
78.40000000 inf 
78.56000000 inf 
78.72000000 inf 
78.88000000 inf 
79.04000000 inf 
79.20000000 inf 
79.36000000 inf 
79.52000000 inf 
79.68000000 inf 
79.84000000 inf 
80.00000000 inf 
80.16000000 inf 
80.32000000 inf 
80.48000000 inf 
80.64000000 inf 
80.80000000 inf 
80.96000000 inf 
81.12000000 inf 
81.28000000 inf 
81.44000000 inf 
81.60000000 inf 
81.76000000 inf 
81.92000000 inf 
82.08000000 inf 
82.24000000 inf 
82.40000000 inf 
82.56000000 inf 
82.72000000 inf 
82.88000000 inf 
83.04000000 inf 
83.20000000 inf 
83.36000000 inf 
83.52000000 inf 
83.68000000 inf 
83.84000000 inf 
84.00000000 inf 
84.16000000 inf 
84.32000000 inf 
84.48000000 inf 
84.64000000 inf 
84.80000000 inf 
84.96000000 inf 
85.12000000 inf 
85.28000000 inf 
85.44000000 inf 
85.60000000 inf 
85.76000000 inf 
85.92000000 inf 
86.08000000 inf 
86.24000000 inf 
86.40000000 inf 
86.56000000 inf 
86.72000000 inf 
86.88000000 inf 
87.04000000 inf 
87.20000000 inf 
87.36000000 inf 
87.52000000 inf 
87.68000000 inf 
87.84000000 inf 
88.00000000 inf 
88.16000000 inf 
88.32000000 inf 
88.48000000 inf 
88.64000000 inf 
88.80000000 inf 
88.96000000 inf 
89.12000000 inf 
89.28000000 inf 
89.44000000 inf 
89.60000000 inf 
89.76000000 inf 
89.92000000 inf 
90.08000000 inf 
90.24000000 inf 
90.40000000 inf 
90.56000000 inf 
90.72000000 inf 
90.88000000 inf 
91.04000000 inf 
91.20000000 inf 
91.36000000 inf 
91.52000000 inf 
91.68000000 inf 
91.84000000 inf 
92.00000000 inf 
92.16000000 inf 
92.32000000 inf 
92.48000000 inf 
92.64000000 inf 
92.80000000 inf 
92.96000000 inf 
93.12000000 inf 
93.28000000 inf 
93.44000000 inf 
93.60000000 inf 
93.76000000 inf 
93.92000000 inf 
94.08000000 inf 
94.24000000 inf 
94.40000000 inf 
94.56000000 inf 
94.72000000 inf 
94.88000000 inf 
95.04000000 inf 
95.20000000 inf 
95.36000000 inf 
95.52000000 inf 
95.68000000 inf 
95.84000000 inf 
96.00000000 inf 
96.16000000 inf 
96.32000000 inf 
96.48000000 inf 
96.64000000 inf 
96.80000000 inf 
96.96000000 inf 
97.12000000 inf 
97.28000000 inf 
97.44000000 inf 
97.60000000 inf 
97.76000000 inf 
97.92000000 inf 
98.08000000 inf 
98.24000000 inf 
98.40000000 inf 
98.56000000 inf 
98.72000000 inf 
98.88000000 inf 
99.04000000 inf 
99.20000000 inf 
99.36000000 inf 
99.52000000 inf 
99.68000000 inf 
99.84000000 inf 
100.00000000 inf 
