0.00000000 1.00000000 
0.20500000 0.21586141 
0.41000000 0.11491541 
0.61500000 0.53777872 
0.82000000 1.08705925 
1.02500000 1.27127488 
1.23000000 0.78457534 
1.43500000 -0.25255542 
1.64000000 -1.27960412 
1.84500000 -1.58355247 
2.05000000 -0.76685453 
2.25500000 0.88544001 
2.46000000 2.42462934 
2.66500000 2.73178786 
2.87000000 1.26255319 
3.07500000 -1.41641079 
3.28000000 -3.73351892 
3.48500000 -3.95628335 
3.69000000 -1.37256833 
3.89500000 2.93598927 
4.10000000 6.38277968 
4.30500000 6.30465451 
4.51000000 1.82288666 
4.71500000 -5.06333121 
4.92000000 -10.12663037 
5.12500000 -9.30733488 
5.33000000 -1.62564128 
5.53500000 9.31025744 
5.74000000 16.63743568 
5.94500000 14.22387740 
6.15000000 1.19377409 
6.35500000 -16.06120835 
6.56000000 -26.47152562 
6.76500000 -20.86989460 
6.97000000 1.02895809 
7.17500000 28.07355034 
7.38000000 42.52294560 
7.58500000 30.83309625 
7.79000000 -5.66372073 
7.99500000 -47.75863990 
8.20000000 -67.19904328 
8.40500000 -44.25009228 
8.61000000 16.10787870 
8.81500000 81.14934459 
9.02000000 106.16995675 
9.22500000 62.89192922 
9.43000000 -36.20846127 
9.63500000 -135.91658539 
9.84000000 -165.95976532 
