0.00000000 1.00000000 
0.19000000 0.12307692 
0.38000000 0.10059172 
0.57000000 0.10001517 
0.76000000 0.10000039 
0.95000000 0.10000001 
1.14000000 0.10000000 
1.33000000 0.10000000 
1.52000000 0.10000000 
1.71000000 0.10000000 
1.90000000 0.10000000 
2.09000000 0.10000000 
2.28000000 0.10000000 
2.47000000 0.10000000 
2.66000000 0.10000000 
2.85000000 0.10000000 
3.04000000 0.10000000 
3.23000000 0.10000000 
3.42000000 0.10000000 
3.61000000 0.10000000 
3.80000000 0.10000000 
3.99000000 0.10000000 
4.18000000 0.10000000 
4.37000000 0.10000000 
4.56000000 0.10000000 
4.75000000 0.10000000 
4.94000000 0.10000000 
5.13000000 0.10000000 
5.32000000 0.10000000 
5.51000000 0.10000000 
5.70000000 0.10000000 
5.89000000 0.10000000 
6.08000000 0.10000000 
6.27000000 0.10000000 
6.46000000 0.10000000 
6.65000000 0.10000000 
6.84000000 0.10000000 
7.03000000 0.10000000 
7.22000000 0.10000000 
7.41000000 0.10000000 
7.60000000 0.10000000 
7.79000000 0.10000000 
7.98000000 0.10000000 
8.17000000 0.10000000 
8.36000000 0.10000000 
8.55000000 0.10000000 
8.74000000 0.10000000 
8.93000000 0.10000000 
9.12000000 0.10000000 
9.31000000 0.10000000 
9.50000000 0.10000000 
9.69000000 0.10000000 
9.88000000 0.10000000 
