0.00000000 0.50000000 
0.04000000 0.49000000 
0.08000000 0.48000400 
0.12000000 0.47001999 
0.16000000 0.46005595 
0.20000000 0.45011977 
0.24000000 0.44021929 
0.28000000 0.43036224 
0.32000000 0.42055621 
0.36000000 0.41080867 
0.40000000 0.40112687 
0.44000000 0.39151791 
0.48000000 0.38198864 
0.52000000 0.37254571 
0.56000000 0.36319549 
0.60000000 0.35394411 
0.64000000 0.34479740 
0.68000000 0.33576092 
0.72000000 0.32683990 
0.76000000 0.31803927 
0.80000000 0.30936366 
0.84000000 0.30081735 
0.88000000 0.29240430 
0.92000000 0.28412814 
0.96000000 0.27599217 
1.00000000 0.26799935 
1.04000000 0.26015232 
1.08000000 0.25245339 
1.12000000 0.24490457 
1.16000000 0.23750751 
1.20000000 0.23026361 
1.24000000 0.22317392 
1.28000000 0.21623922 
1.32000000 0.20946003 
1.36000000 0.20283657 
1.40000000 0.19636881 
1.44000000 0.19005649 
1.48000000 0.18389909 
1.52000000 0.17789588 
1.56000000 0.17204592 
1.60000000 0.16634808 
1.64000000 0.16080102 
1.68000000 0.15540326 
1.72000000 0.15015314 
1.76000000 0.14504885 
1.80000000 0.14008846 
1.84000000 0.13526991 
1.88000000 0.13059104 
1.92000000 0.12604955 
1.96000000 0.12164311 
2.00000000 0.11736927 
2.04000000 0.11322552 
2.08000000 0.10920930 
2.12000000 0.10531800 
2.16000000 0.10154895 
2.20000000 0.09789948 
2.24000000 0.09436687 
2.28000000 0.09094840 
2.32000000 0.08764133 
2.36000000 0.08444292 
2.40000000 0.08135043 
2.44000000 0.07836112 
2.48000000 0.07547230 
2.52000000 0.07268125 
2.56000000 0.06998530 
2.60000000 0.06738181 
2.64000000 0.06486815 
2.68000000 0.06244174 
2.72000000 0.06010003 
2.76000000 0.05784051 
2.80000000 0.05566071 
2.84000000 0.05355820 
2.88000000 0.05153061 
2.92000000 0.04957560 
2.96000000 0.04769089 
3.00000000 0.04587423 
3.04000000 0.04412344 
3.08000000 0.04243638 
3.12000000 0.04081096 
3.16000000 0.03924514 
3.20000000 0.03773694 
3.24000000 0.03628443 
3.28000000 0.03488571 
3.32000000 0.03353896 
3.36000000 0.03224240 
3.40000000 0.03099429 
3.44000000 0.02979294 
3.48000000 0.02863673 
3.52000000 0.02752406 
3.56000000 0.02645340 
3.60000000 0.02542326 
3.64000000 0.02443218 
3.68000000 0.02347877 
3.72000000 0.02256167 
3.76000000 0.02167956 
3.80000000 0.02083118 
3.84000000 0.02001529 
3.88000000 0.01923070 
3.92000000 0.01847627 
3.96000000 0.01775087 
4.00000000 0.01705344 
4.04000000 0.01638294 
4.08000000 0.01573836 
4.12000000 0.01511873 
4.16000000 0.01452312 
4.20000000 0.01395064 
4.24000000 0.01340039 
4.28000000 0.01287156 
4.32000000 0.01236333 
4.36000000 0.01187491 
4.40000000 0.01140555 
4.44000000 0.01095453 
4.48000000 0.01052115 
4.52000000 0.01010473 
4.56000000 0.00970463 
4.60000000 0.00932021 
4.64000000 0.00895088 
4.68000000 0.00859605 
4.72000000 0.00825516 
4.76000000 0.00792768 
4.80000000 0.00761309 
4.84000000 0.00731088 
4.88000000 0.00702058 
4.92000000 0.00674173 
4.96000000 0.00647388 
5.00000000 0.00621660 
5.04000000 0.00596948 
5.08000000 0.00573213 
5.12000000 0.00550416 
5.16000000 0.00528520 
5.20000000 0.00507491 
5.24000000 0.00487295 
5.28000000 0.00467898 
5.32000000 0.00449270 
5.36000000 0.00431380 
5.40000000 0.00414199 
5.44000000 0.00397699 
5.48000000 0.00381855 
5.52000000 0.00366639 
5.56000000 0.00352027 
5.60000000 0.00337996 
5.64000000 0.00324521 
5.68000000 0.00311583 
5.72000000 0.00299158 
5.76000000 0.00287228 
5.80000000 0.00275772 
5.84000000 0.00264771 
5.88000000 0.00254208 
5.92000000 0.00244066 
5.96000000 0.00234327 
6.00000000 0.00224976 
6.04000000 0.00215997 
6.08000000 0.00207376 
6.12000000 0.00199098 
6.16000000 0.00191150 
6.20000000 0.00183519 
6.24000000 0.00176191 
6.28000000 0.00169156 
6.32000000 0.00162401 
6.36000000 0.00155916 
6.40000000 0.00149689 
6.44000000 0.00143710 
6.48000000 0.00137970 
6.52000000 0.00132459 
6.56000000 0.00127168 
6.60000000 0.00122087 
6.64000000 0.00117210 
6.68000000 0.00112527 
6.72000000 0.00108031 
6.76000000 0.00103714 
6.80000000 0.00099570 
6.84000000 0.00095591 
6.88000000 0.00091771 
6.92000000 0.00088104 
6.96000000 0.00084583 
7.00000000 0.00081202 
7.04000000 0.00077957 
7.08000000 0.00074841 
7.12000000 0.00071850 
7.16000000 0.00068978 
7.20000000 0.00066220 
7.24000000 0.00063573 
7.28000000 0.00061032 
7.32000000 0.00058592 
7.36000000 0.00056250 
7.40000000 0.00054001 
7.44000000 0.00051842 
7.48000000 0.00049770 
7.52000000 0.00047780 
7.56000000 0.00045870 
7.60000000 0.00044036 
7.64000000 0.00042275 
7.68000000 0.00040585 
7.72000000 0.00038962 
7.76000000 0.00037404 
7.80000000 0.00035909 
7.84000000 0.00034473 
7.88000000 0.00033094 
7.92000000 0.00031771 
7.96000000 0.00030501 
8.00000000 0.00029281 
8.04000000 0.00028110 
8.08000000 0.00026986 
8.12000000 0.00025907 
8.16000000 0.00024871 
8.20000000 0.00023876 
8.24000000 0.00022921 
8.28000000 0.00022005 
8.32000000 0.00021125 
8.36000000 0.00020280 
8.40000000 0.00019469 
8.44000000 0.00018690 
8.48000000 0.00017943 
8.52000000 0.00017225 
8.56000000 0.00016536 
8.60000000 0.00015875 
8.64000000 0.00015240 
8.68000000 0.00014631 
8.72000000 0.00014045 
8.76000000 0.00013484 
8.80000000 0.00012944 
8.84000000 0.00012427 
8.88000000 0.00011930 
8.92000000 0.00011453 
8.96000000 0.00010995 
9.00000000 0.00010555 
9.04000000 0.00010133 
9.08000000 0.00009727 
9.12000000 0.00009338 
9.16000000 0.00008965 
9.20000000 0.00008606 
9.24000000 0.00008262 
9.28000000 0.00007932 
9.32000000 0.00007614 
9.36000000 0.00007310 
9.40000000 0.00007017 
9.44000000 0.00006737 
9.48000000 0.00006467 
9.52000000 0.00006209 
9.56000000 0.00005960 
9.60000000 0.00005722 
9.64000000 0.00005493 
9.68000000 0.00005273 
9.72000000 0.00005062 
9.76000000 0.00004860 
9.80000000 0.00004666 
9.84000000 0.00004479 
9.88000000 0.00004300 
9.92000000 0.00004128 
9.96000000 0.00003963 
10.00000000 0.00003804 
10.04000000 0.00003652 
10.08000000 0.00003506 
10.12000000 0.00003366 
10.16000000 0.00003231 
10.20000000 0.00003102 
10.24000000 0.00002978 
10.28000000 0.00002859 
10.32000000 0.00002744 
10.36000000 0.00002635 
10.40000000 0.00002529 
10.44000000 0.00002428 
10.48000000 0.00002331 
10.52000000 0.00002238 
10.56000000 0.00002148 
10.60000000 0.00002062 
10.64000000 0.00001980 
10.68000000 0.00001901 
10.72000000 0.00001825 
10.76000000 0.00001752 
10.80000000 0.00001681 
10.84000000 0.00001614 
10.88000000 0.00001550 
10.92000000 0.00001488 
10.96000000 0.00001428 
11.00000000 0.00001371 
11.04000000 0.00001316 
11.08000000 0.00001264 
11.12000000 0.00001213 
11.16000000 0.00001164 
11.20000000 0.00001118 
11.24000000 0.00001073 
11.28000000 0.00001030 
11.32000000 0.00000989 
11.36000000 0.00000950 
11.40000000 0.00000912 
11.44000000 0.00000875 
11.48000000 0.00000840 
11.52000000 0.00000806 
11.56000000 0.00000774 
11.60000000 0.00000743 
11.64000000 0.00000714 
11.68000000 0.00000685 
11.72000000 0.00000658 
11.76000000 0.00000631 
11.80000000 0.00000606 
11.84000000 0.00000582 
11.88000000 0.00000559 
11.92000000 0.00000536 
11.96000000 0.00000515 
12.00000000 0.00000494 
12.04000000 0.00000474 
12.08000000 0.00000455 
12.12000000 0.00000437 
12.16000000 0.00000420 
12.20000000 0.00000403 
12.24000000 0.00000387 
12.28000000 0.00000371 
12.32000000 0.00000356 
12.36000000 0.00000342 
12.40000000 0.00000329 
12.44000000 0.00000315 
12.48000000 0.00000303 
12.52000000 0.00000291 
12.56000000 0.00000279 
12.60000000 0.00000268 
12.64000000 0.00000257 
12.68000000 0.00000247 
12.72000000 0.00000237 
12.76000000 0.00000228 
12.80000000 0.00000218 
12.84000000 0.00000210 
12.88000000 0.00000201 
12.92000000 0.00000193 
12.96000000 0.00000186 
13.00000000 0.00000178 
13.04000000 0.00000171 
13.08000000 0.00000164 
13.12000000 0.00000158 
13.16000000 0.00000151 
13.20000000 0.00000145 
13.24000000 0.00000139 
13.28000000 0.00000134 
13.32000000 0.00000128 
13.36000000 0.00000123 
13.40000000 0.00000118 
13.44000000 0.00000114 
13.48000000 0.00000109 
13.52000000 0.00000105 
13.56000000 0.00000101 
13.60000000 0.00000097 
13.64000000 0.00000093 
13.68000000 0.00000089 
13.72000000 0.00000085 
13.76000000 0.00000082 
13.80000000 0.00000079 
13.84000000 0.00000076 
13.88000000 0.00000073 
13.92000000 0.00000070 
13.96000000 0.00000067 
14.00000000 0.00000064 
14.04000000 0.00000062 
14.08000000 0.00000059 
14.12000000 0.00000057 
14.16000000 0.00000055 
14.20000000 0.00000052 
14.24000000 0.00000050 
14.28000000 0.00000048 
14.32000000 0.00000046 
14.36000000 0.00000044 
14.40000000 0.00000043 
14.44000000 0.00000041 
14.48000000 0.00000039 
14.52000000 0.00000038 
14.56000000 0.00000036 
14.60000000 0.00000035 
14.64000000 0.00000033 
14.68000000 0.00000032 
14.72000000 0.00000031 
14.76000000 0.00000030 
14.80000000 0.00000028 
14.84000000 0.00000027 
14.88000000 0.00000026 
14.92000000 0.00000025 
14.96000000 0.00000024 
15.00000000 0.00000023 
15.04000000 0.00000022 
15.08000000 0.00000021 
15.12000000 0.00000020 
15.16000000 0.00000020 
15.20000000 0.00000019 
15.24000000 0.00000018 
15.28000000 0.00000017 
15.32000000 0.00000017 
15.36000000 0.00000016 
15.40000000 0.00000015 
15.44000000 0.00000015 
15.48000000 0.00000014 
15.52000000 0.00000014 
15.56000000 0.00000013 
15.60000000 0.00000013 
15.64000000 0.00000012 
15.68000000 0.00000012 
15.72000000 0.00000011 
15.76000000 0.00000011 
15.80000000 0.00000010 
15.84000000 0.00000010 
15.88000000 0.00000009 
15.92000000 0.00000009 
15.96000000 0.00000009 
16.00000000 0.00000008 
16.04000000 0.00000008 
16.08000000 0.00000008 
16.12000000 0.00000007 
16.16000000 0.00000007 
16.20000000 0.00000007 
16.24000000 0.00000007 
16.28000000 0.00000006 
16.32000000 0.00000006 
16.36000000 0.00000006 
16.40000000 0.00000006 
16.44000000 0.00000005 
16.48000000 0.00000005 
16.52000000 0.00000005 
16.56000000 0.00000005 
16.60000000 0.00000005 
16.64000000 0.00000004 
16.68000000 0.00000004 
16.72000000 0.00000004 
16.76000000 0.00000004 
16.80000000 0.00000004 
16.84000000 0.00000004 
16.88000000 0.00000003 
16.92000000 0.00000003 
16.96000000 0.00000003 
17.00000000 0.00000003 
17.04000000 0.00000003 
17.08000000 0.00000003 
17.12000000 0.00000003 
17.16000000 0.00000003 
17.20000000 0.00000002 
17.24000000 0.00000002 
17.28000000 0.00000002 
17.32000000 0.00000002 
17.36000000 0.00000002 
17.40000000 0.00000002 
17.44000000 0.00000002 
17.48000000 0.00000002 
17.52000000 0.00000002 
17.56000000 0.00000002 
17.60000000 0.00000002 
17.64000000 0.00000002 
17.68000000 0.00000002 
17.72000000 0.00000001 
17.76000000 0.00000001 
17.80000000 0.00000001 
17.84000000 0.00000001 
17.88000000 0.00000001 
17.92000000 0.00000001 
17.96000000 0.00000001 
18.00000000 0.00000001 
18.04000000 0.00000001 
18.08000000 0.00000001 
18.12000000 0.00000001 
18.16000000 0.00000001 
18.20000000 0.00000001 
18.24000000 0.00000001 
18.28000000 0.00000001 
18.32000000 0.00000001 
18.36000000 0.00000001 
18.40000000 0.00000001 
18.44000000 0.00000001 
18.48000000 0.00000001 
18.52000000 0.00000001 
18.56000000 0.00000001 
18.60000000 0.00000001 
18.64000000 0.00000001 
18.68000000 0.00000001 
18.72000000 0.00000001 
18.76000000 0.00000000 
18.80000000 0.00000000 
18.84000000 0.00000000 
18.88000000 0.00000000 
18.92000000 0.00000000 
18.96000000 0.00000000 
19.00000000 0.00000000 
19.04000000 0.00000000 
19.08000000 0.00000000 
19.12000000 0.00000000 
19.16000000 0.00000000 
19.20000000 0.00000000 
19.24000000 0.00000000 
19.28000000 0.00000000 
19.32000000 0.00000000 
19.36000000 0.00000000 
19.40000000 0.00000000 
19.44000000 0.00000000 
19.48000000 0.00000000 
19.52000000 0.00000000 
19.56000000 0.00000000 
19.60000000 0.00000000 
19.64000000 0.00000000 
19.68000000 0.00000000 
19.72000000 0.00000000 
19.76000000 0.00000000 
19.80000000 0.00000000 
19.84000000 0.00000000 
19.88000000 0.00000000 
19.92000000 0.00000000 
19.96000000 0.00000000 
20.00000000 0.00000000 
20.04000000 0.00000000 
20.08000000 0.00000000 
20.12000000 0.00000000 
20.16000000 0.00000000 
20.20000000 0.00000000 
20.24000000 0.00000000 
20.28000000 0.00000000 
20.32000000 0.00000000 
20.36000000 0.00000000 
20.40000000 0.00000000 
20.44000000 0.00000000 
20.48000000 0.00000000 
20.52000000 0.00000000 
20.56000000 0.00000000 
20.60000000 0.00000000 
20.64000000 0.00000000 
20.68000000 0.00000000 
20.72000000 0.00000000 
20.76000000 0.00000000 
20.80000000 0.00000000 
20.84000000 0.00000000 
20.88000000 0.00000000 
20.92000000 0.00000000 
20.96000000 0.00000000 
21.00000000 0.00000000 
21.04000000 0.00000000 
21.08000000 0.00000000 
21.12000000 0.00000000 
21.16000000 0.00000000 
21.20000000 0.00000000 
21.24000000 0.00000000 
21.28000000 0.00000000 
21.32000000 0.00000000 
21.36000000 0.00000000 
21.40000000 0.00000000 
21.44000000 0.00000000 
21.48000000 0.00000000 
21.52000000 0.00000000 
21.56000000 0.00000000 
21.60000000 0.00000000 
21.64000000 0.00000000 
21.68000000 0.00000000 
21.72000000 0.00000000 
21.76000000 0.00000000 
21.80000000 0.00000000 
21.84000000 0.00000000 
21.88000000 0.00000000 
21.92000000 0.00000000 
21.96000000 0.00000000 
22.00000000 0.00000000 
22.04000000 0.00000000 
22.08000000 0.00000000 
22.12000000 0.00000000 
22.16000000 0.00000000 
22.20000000 0.00000000 
22.24000000 0.00000000 
22.28000000 0.00000000 
22.32000000 0.00000000 
22.36000000 0.00000000 
22.40000000 0.00000000 
22.44000000 0.00000000 
22.48000000 0.00000000 
22.52000000 0.00000000 
22.56000000 0.00000000 
22.60000000 0.00000000 
22.64000000 0.00000000 
22.68000000 0.00000000 
22.72000000 0.00000000 
22.76000000 0.00000000 
22.80000000 0.00000000 
22.84000000 0.00000000 
22.88000000 0.00000000 
22.92000000 0.00000000 
22.96000000 0.00000000 
23.00000000 0.00000000 
23.04000000 0.00000000 
23.08000000 0.00000000 
23.12000000 0.00000000 
23.16000000 0.00000000 
23.20000000 0.00000000 
23.24000000 0.00000000 
23.28000000 0.00000000 
23.32000000 0.00000000 
23.36000000 0.00000000 
23.40000000 0.00000000 
23.44000000 0.00000000 
23.48000000 0.00000000 
23.52000000 0.00000000 
23.56000000 0.00000000 
23.60000000 0.00000000 
23.64000000 0.00000000 
23.68000000 0.00000000 
23.72000000 0.00000000 
23.76000000 0.00000000 
23.80000000 0.00000000 
23.84000000 0.00000000 
23.88000000 0.00000000 
23.92000000 0.00000000 
23.96000000 0.00000000 
24.00000000 0.00000000 
24.04000000 0.00000000 
24.08000000 0.00000000 
24.12000000 0.00000000 
24.16000000 0.00000000 
24.20000000 0.00000000 
24.24000000 0.00000000 
24.28000000 0.00000000 
24.32000000 0.00000000 
24.36000000 0.00000000 
24.40000000 0.00000000 
24.44000000 0.00000000 
24.48000000 0.00000000 
24.52000000 0.00000000 
24.56000000 0.00000000 
24.60000000 0.00000000 
24.64000000 0.00000000 
24.68000000 0.00000000 
24.72000000 0.00000000 
24.76000000 0.00000000 
24.80000000 0.00000000 
24.84000000 0.00000000 
24.88000000 0.00000000 
24.92000000 0.00000000 
24.96000000 0.00000000 
25.00000000 0.00000000 
25.04000000 0.00000000 
25.08000000 0.00000000 
25.12000000 0.00000000 
25.16000000 0.00000000 
25.20000000 0.00000000 
25.24000000 0.00000000 
25.28000000 0.00000000 
25.32000000 0.00000000 
25.36000000 0.00000000 
25.40000000 0.00000000 
25.44000000 0.00000000 
25.48000000 0.00000000 
25.52000000 0.00000000 
25.56000000 0.00000000 
25.60000000 0.00000000 
25.64000000 0.00000000 
25.68000000 0.00000000 
25.72000000 0.00000000 
25.76000000 0.00000000 
25.80000000 0.00000000 
25.84000000 0.00000000 
25.88000000 0.00000000 
25.92000000 0.00000000 
25.96000000 0.00000000 
26.00000000 0.00000000 
26.04000000 0.00000000 
26.08000000 0.00000000 
26.12000000 0.00000000 
26.16000000 0.00000000 
26.20000000 0.00000000 
26.24000000 0.00000000 
26.28000000 0.00000000 
26.32000000 0.00000000 
26.36000000 0.00000000 
26.40000000 0.00000000 
26.44000000 0.00000000 
26.48000000 0.00000000 
26.52000000 0.00000000 
26.56000000 0.00000000 
26.60000000 0.00000000 
26.64000000 0.00000000 
26.68000000 0.00000000 
26.72000000 0.00000000 
26.76000000 0.00000000 
26.80000000 0.00000000 
26.84000000 0.00000000 
26.88000000 0.00000000 
26.92000000 0.00000000 
26.96000000 0.00000000 
27.00000000 0.00000000 
27.04000000 0.00000000 
27.08000000 0.00000000 
27.12000000 0.00000000 
27.16000000 0.00000000 
27.20000000 0.00000000 
27.24000000 0.00000000 
27.28000000 0.00000000 
27.32000000 0.00000000 
27.36000000 0.00000000 
27.40000000 0.00000000 
27.44000000 0.00000000 
27.48000000 0.00000000 
27.52000000 0.00000000 
27.56000000 0.00000000 
27.60000000 0.00000000 
27.64000000 0.00000000 
27.68000000 0.00000000 
27.72000000 0.00000000 
27.76000000 0.00000000 
27.80000000 0.00000000 
27.84000000 0.00000000 
27.88000000 0.00000000 
27.92000000 0.00000000 
27.96000000 0.00000000 
28.00000000 0.00000000 
28.04000000 0.00000000 
28.08000000 0.00000000 
28.12000000 0.00000000 
28.16000000 0.00000000 
28.20000000 0.00000000 
28.24000000 0.00000000 
28.28000000 0.00000000 
28.32000000 0.00000000 
28.36000000 0.00000000 
28.40000000 0.00000000 
28.44000000 0.00000000 
28.48000000 0.00000000 
28.52000000 0.00000000 
28.56000000 0.00000000 
28.60000000 0.00000000 
28.64000000 0.00000000 
28.68000000 0.00000000 
28.72000000 0.00000000 
28.76000000 0.00000000 
28.80000000 0.00000000 
28.84000000 0.00000000 
28.88000000 0.00000000 
28.92000000 0.00000000 
28.96000000 0.00000000 
29.00000000 0.00000000 
29.04000000 0.00000000 
29.08000000 0.00000000 
29.12000000 0.00000000 
29.16000000 0.00000000 
29.20000000 0.00000000 
29.24000000 0.00000000 
29.28000000 0.00000000 
29.32000000 0.00000000 
29.36000000 0.00000000 
29.40000000 0.00000000 
29.44000000 0.00000000 
29.48000000 0.00000000 
29.52000000 0.00000000 
29.56000000 0.00000000 
29.60000000 0.00000000 
29.64000000 0.00000000 
29.68000000 0.00000000 
29.72000000 0.00000000 
29.76000000 0.00000000 
29.80000000 0.00000000 
29.84000000 0.00000000 
29.88000000 0.00000000 
29.92000000 0.00000000 
29.96000000 0.00000000 
30.00000000 0.00000000 
30.04000000 0.00000000 
30.08000000 0.00000000 
30.12000000 0.00000000 
30.16000000 0.00000000 
30.20000000 0.00000000 
30.24000000 0.00000000 
30.28000000 0.00000000 
30.32000000 0.00000000 
30.36000000 0.00000000 
30.40000000 0.00000000 
30.44000000 0.00000000 
30.48000000 0.00000000 
30.52000000 0.00000000 
30.56000000 0.00000000 
30.60000000 0.00000000 
30.64000000 0.00000000 
30.68000000 0.00000000 
30.72000000 0.00000000 
30.76000000 0.00000000 
30.80000000 0.00000000 
30.84000000 0.00000000 
30.88000000 0.00000000 
30.92000000 0.00000000 
30.96000000 0.00000000 
31.00000000 0.00000000 
31.04000000 0.00000000 
31.08000000 0.00000000 
31.12000000 0.00000000 
31.16000000 0.00000000 
31.20000000 0.00000000 
31.24000000 0.00000000 
31.28000000 0.00000000 
31.32000000 0.00000000 
31.36000000 0.00000000 
31.40000000 0.00000000 
31.44000000 0.00000000 
31.48000000 0.00000000 
31.52000000 0.00000000 
31.56000000 0.00000000 
31.60000000 0.00000000 
31.64000000 0.00000000 
31.68000000 0.00000000 
31.72000000 0.00000000 
31.76000000 0.00000000 
31.80000000 0.00000000 
31.84000000 0.00000000 
31.88000000 0.00000000 
31.92000000 0.00000000 
31.96000000 0.00000000 
32.00000000 0.00000000 
32.04000000 0.00000000 
32.08000000 0.00000000 
32.12000000 0.00000000 
32.16000000 0.00000000 
32.20000000 0.00000000 
32.24000000 0.00000000 
32.28000000 0.00000000 
32.32000000 0.00000000 
32.36000000 0.00000000 
32.40000000 0.00000000 
32.44000000 0.00000000 
32.48000000 0.00000000 
32.52000000 0.00000000 
32.56000000 0.00000000 
32.60000000 0.00000000 
32.64000000 0.00000000 
32.68000000 0.00000000 
32.72000000 0.00000000 
32.76000000 0.00000000 
32.80000000 0.00000000 
32.84000000 0.00000000 
32.88000000 0.00000000 
32.92000000 0.00000000 
32.96000000 0.00000000 
33.00000000 0.00000000 
33.04000000 0.00000000 
33.08000000 0.00000000 
33.12000000 0.00000000 
33.16000000 0.00000000 
33.20000000 0.00000000 
33.24000000 0.00000000 
33.28000000 0.00000000 
33.32000000 0.00000000 
33.36000000 0.00000000 
33.40000000 0.00000000 
33.44000000 0.00000000 
33.48000000 0.00000000 
33.52000000 0.00000000 
33.56000000 0.00000000 
33.60000000 0.00000000 
33.64000000 0.00000000 
33.68000000 0.00000000 
33.72000000 0.00000000 
33.76000000 0.00000000 
33.80000000 0.00000000 
33.84000000 0.00000000 
33.88000000 0.00000000 
33.92000000 0.00000000 
33.96000000 0.00000000 
34.00000000 0.00000000 
34.04000000 0.00000000 
34.08000000 0.00000000 
34.12000000 0.00000000 
34.16000000 0.00000000 
34.20000000 0.00000000 
34.24000000 0.00000000 
34.28000000 0.00000000 
34.32000000 0.00000000 
34.36000000 0.00000000 
34.40000000 0.00000000 
34.44000000 0.00000000 
34.48000000 0.00000000 
34.52000000 0.00000000 
34.56000000 0.00000000 
34.60000000 0.00000000 
34.64000000 0.00000000 
34.68000000 0.00000000 
34.72000000 0.00000000 
34.76000000 0.00000000 
34.80000000 0.00000000 
34.84000000 0.00000000 
34.88000000 0.00000000 
34.92000000 0.00000000 
34.96000000 0.00000000 
35.00000000 0.00000000 
35.04000000 0.00000000 
35.08000000 0.00000000 
35.12000000 0.00000000 
35.16000000 0.00000000 
35.20000000 0.00000000 
35.24000000 0.00000000 
35.28000000 0.00000000 
35.32000000 0.00000000 
35.36000000 0.00000000 
35.40000000 0.00000000 
35.44000000 0.00000000 
35.48000000 0.00000000 
35.52000000 0.00000000 
35.56000000 0.00000000 
35.60000000 0.00000000 
35.64000000 0.00000000 
35.68000000 0.00000000 
35.72000000 0.00000000 
35.76000000 0.00000000 
35.80000000 0.00000000 
35.84000000 0.00000000 
35.88000000 0.00000000 
35.92000000 0.00000000 
35.96000000 0.00000000 
36.00000000 0.00000000 
36.04000000 0.00000000 
36.08000000 0.00000000 
36.12000000 0.00000000 
36.16000000 0.00000000 
36.20000000 0.00000000 
36.24000000 0.00000000 
36.28000000 0.00000000 
36.32000000 0.00000000 
36.36000000 0.00000000 
36.40000000 0.00000000 
36.44000000 0.00000000 
36.48000000 0.00000000 
36.52000000 0.00000000 
36.56000000 0.00000000 
36.60000000 0.00000000 
36.64000000 0.00000000 
36.68000000 0.00000000 
36.72000000 0.00000000 
36.76000000 0.00000000 
36.80000000 0.00000000 
36.84000000 0.00000000 
36.88000000 0.00000000 
36.92000000 0.00000000 
36.96000000 0.00000000 
37.00000000 0.00000000 
37.04000000 0.00000000 
37.08000000 0.00000000 
37.12000000 0.00000000 
37.16000000 0.00000000 
37.20000000 0.00000000 
37.24000000 0.00000000 
37.28000000 0.00000000 
37.32000000 0.00000000 
37.36000000 0.00000000 
37.40000000 0.00000000 
37.44000000 0.00000000 
37.48000000 0.00000000 
37.52000000 0.00000000 
37.56000000 0.00000000 
37.60000000 0.00000000 
37.64000000 0.00000000 
37.68000000 0.00000000 
37.72000000 0.00000000 
37.76000000 0.00000000 
37.80000000 0.00000000 
37.84000000 0.00000000 
37.88000000 0.00000000 
37.92000000 0.00000000 
37.96000000 0.00000000 
38.00000000 0.00000000 
38.04000000 0.00000000 
38.08000000 0.00000000 
38.12000000 0.00000000 
38.16000000 0.00000000 
38.20000000 0.00000000 
38.24000000 0.00000000 
38.28000000 0.00000000 
38.32000000 0.00000000 
38.36000000 0.00000000 
38.40000000 0.00000000 
38.44000000 0.00000000 
38.48000000 0.00000000 
38.52000000 0.00000000 
38.56000000 0.00000000 
38.60000000 0.00000000 
38.64000000 0.00000000 
38.68000000 0.00000000 
38.72000000 0.00000000 
38.76000000 0.00000000 
38.80000000 0.00000000 
38.84000000 0.00000000 
38.88000000 0.00000000 
38.92000000 0.00000000 
38.96000000 0.00000000 
39.00000000 0.00000000 
39.04000000 0.00000000 
39.08000000 0.00000000 
39.12000000 0.00000000 
39.16000000 0.00000000 
39.20000000 0.00000000 
39.24000000 0.00000000 
39.28000000 0.00000000 
39.32000000 0.00000000 
39.36000000 0.00000000 
39.40000000 0.00000000 
39.44000000 0.00000000 
39.48000000 0.00000000 
39.52000000 0.00000000 
39.56000000 0.00000000 
39.60000000 0.00000000 
39.64000000 0.00000000 
39.68000000 0.00000000 
39.72000000 0.00000000 
39.76000000 0.00000000 
39.80000000 0.00000000 
39.84000000 0.00000000 
39.88000000 0.00000000 
39.92000000 0.00000000 
39.96000000 0.00000000 
40.00000000 0.00000000 
40.04000000 0.00000000 
40.08000000 0.00000000 
40.12000000 0.00000000 
40.16000000 0.00000000 
40.20000000 0.00000000 
40.24000000 0.00000000 
40.28000000 0.00000000 
40.32000000 0.00000000 
40.36000000 0.00000000 
40.40000000 0.00000000 
40.44000000 0.00000000 
40.48000000 0.00000000 
40.52000000 0.00000000 
40.56000000 0.00000000 
40.60000000 0.00000000 
40.64000000 0.00000000 
40.68000000 0.00000000 
40.72000000 0.00000000 
40.76000000 0.00000000 
40.80000000 0.00000000 
40.84000000 0.00000000 
40.88000000 0.00000000 
40.92000000 0.00000000 
40.96000000 0.00000000 
41.00000000 0.00000000 
41.04000000 0.00000000 
41.08000000 0.00000000 
41.12000000 0.00000000 
41.16000000 0.00000000 
41.20000000 0.00000000 
41.24000000 0.00000000 
41.28000000 0.00000000 
41.32000000 0.00000000 
41.36000000 0.00000000 
41.40000000 0.00000000 
41.44000000 0.00000000 
41.48000000 0.00000000 
41.52000000 0.00000000 
41.56000000 0.00000000 
41.60000000 0.00000000 
41.64000000 0.00000000 
41.68000000 0.00000000 
41.72000000 0.00000000 
41.76000000 0.00000000 
41.80000000 0.00000000 
41.84000000 0.00000000 
41.88000000 0.00000000 
41.92000000 0.00000000 
41.96000000 0.00000000 
42.00000000 0.00000000 
42.04000000 0.00000000 
42.08000000 0.00000000 
42.12000000 0.00000000 
42.16000000 0.00000000 
42.20000000 0.00000000 
42.24000000 0.00000000 
42.28000000 0.00000000 
42.32000000 0.00000000 
42.36000000 0.00000000 
42.40000000 0.00000000 
42.44000000 0.00000000 
42.48000000 0.00000000 
42.52000000 0.00000000 
42.56000000 0.00000000 
42.60000000 0.00000000 
42.64000000 0.00000000 
42.68000000 0.00000000 
42.72000000 0.00000000 
42.76000000 0.00000000 
42.80000000 0.00000000 
42.84000000 0.00000000 
42.88000000 0.00000000 
42.92000000 0.00000000 
42.96000000 0.00000000 
43.00000000 0.00000000 
43.04000000 0.00000000 
43.08000000 0.00000000 
43.12000000 0.00000000 
43.16000000 0.00000000 
43.20000000 0.00000000 
43.24000000 0.00000000 
43.28000000 0.00000000 
43.32000000 0.00000000 
43.36000000 0.00000000 
43.40000000 0.00000000 
43.44000000 0.00000000 
43.48000000 0.00000000 
43.52000000 0.00000000 
43.56000000 0.00000000 
43.60000000 0.00000000 
43.64000000 0.00000000 
43.68000000 0.00000000 
43.72000000 0.00000000 
43.76000000 0.00000000 
43.80000000 0.00000000 
43.84000000 0.00000000 
43.88000000 0.00000000 
43.92000000 0.00000000 
43.96000000 0.00000000 
44.00000000 0.00000000 
44.04000000 0.00000000 
44.08000000 0.00000000 
44.12000000 0.00000000 
44.16000000 0.00000000 
44.20000000 0.00000000 
44.24000000 0.00000000 
44.28000000 0.00000000 
44.32000000 0.00000000 
44.36000000 0.00000000 
44.40000000 0.00000000 
44.44000000 0.00000000 
44.48000000 0.00000000 
44.52000000 0.00000000 
44.56000000 0.00000000 
44.60000000 0.00000000 
44.64000000 0.00000000 
44.68000000 0.00000000 
44.72000000 0.00000000 
44.76000000 0.00000000 
44.80000000 0.00000000 
44.84000000 0.00000000 
44.88000000 0.00000000 
44.92000000 0.00000000 
44.96000000 0.00000000 
45.00000000 0.00000000 
45.04000000 0.00000000 
45.08000000 0.00000000 
45.12000000 0.00000000 
45.16000000 0.00000000 
45.20000000 0.00000000 
45.24000000 0.00000000 
45.28000000 0.00000000 
45.32000000 0.00000000 
45.36000000 0.00000000 
45.40000000 0.00000000 
45.44000000 0.00000000 
45.48000000 0.00000000 
45.52000000 0.00000000 
45.56000000 0.00000000 
45.60000000 0.00000000 
45.64000000 0.00000000 
45.68000000 0.00000000 
45.72000000 0.00000000 
45.76000000 0.00000000 
45.80000000 0.00000000 
45.84000000 0.00000000 
45.88000000 0.00000000 
45.92000000 0.00000000 
45.96000000 0.00000000 
46.00000000 0.00000000 
46.04000000 0.00000000 
46.08000000 0.00000000 
46.12000000 0.00000000 
46.16000000 0.00000000 
46.20000000 0.00000000 
46.24000000 0.00000000 
46.28000000 0.00000000 
46.32000000 0.00000000 
46.36000000 0.00000000 
46.40000000 0.00000000 
46.44000000 0.00000000 
46.48000000 0.00000000 
46.52000000 0.00000000 
46.56000000 0.00000000 
46.60000000 0.00000000 
46.64000000 0.00000000 
46.68000000 0.00000000 
46.72000000 0.00000000 
46.76000000 0.00000000 
46.80000000 0.00000000 
46.84000000 0.00000000 
46.88000000 0.00000000 
46.92000000 0.00000000 
46.96000000 0.00000000 
47.00000000 0.00000000 
47.04000000 0.00000000 
47.08000000 0.00000000 
47.12000000 0.00000000 
47.16000000 0.00000000 
47.20000000 0.00000000 
47.24000000 0.00000000 
47.28000000 0.00000000 
47.32000000 0.00000000 
47.36000000 0.00000000 
47.40000000 0.00000000 
47.44000000 0.00000000 
47.48000000 0.00000000 
47.52000000 0.00000000 
47.56000000 0.00000000 
47.60000000 0.00000000 
47.64000000 0.00000000 
47.68000000 0.00000000 
47.72000000 0.00000000 
47.76000000 0.00000000 
47.80000000 0.00000000 
47.84000000 0.00000000 
47.88000000 0.00000000 
47.92000000 0.00000000 
47.96000000 0.00000000 
48.00000000 0.00000000 
48.04000000 0.00000000 
48.08000000 0.00000000 
48.12000000 0.00000000 
48.16000000 0.00000000 
48.20000000 0.00000000 
48.24000000 0.00000000 
48.28000000 0.00000000 
48.32000000 0.00000000 
48.36000000 0.00000000 
48.40000000 0.00000000 
48.44000000 0.00000000 
48.48000000 0.00000000 
48.52000000 0.00000000 
48.56000000 0.00000000 
48.60000000 0.00000000 
48.64000000 0.00000000 
48.68000000 0.00000000 
48.72000000 0.00000000 
48.76000000 0.00000000 
48.80000000 0.00000000 
48.84000000 0.00000000 
48.88000000 0.00000000 
48.92000000 0.00000000 
48.96000000 0.00000000 
49.00000000 0.00000000 
49.04000000 0.00000000 
49.08000000 0.00000000 
49.12000000 0.00000000 
49.16000000 0.00000000 
49.20000000 0.00000000 
49.24000000 0.00000000 
49.28000000 0.00000000 
49.32000000 0.00000000 
49.36000000 0.00000000 
49.40000000 0.00000000 
49.44000000 0.00000000 
49.48000000 0.00000000 
49.52000000 0.00000000 
49.56000000 0.00000000 
49.60000000 0.00000000 
49.64000000 0.00000000 
49.68000000 0.00000000 
49.72000000 0.00000000 
49.76000000 0.00000000 
49.80000000 0.00000000 
49.84000000 0.00000000 
49.88000000 0.00000000 
49.92000000 0.00000000 
49.96000000 0.00000000 
50.00000000 0.00000000 
50.04000000 0.00000000 
50.08000000 0.00000000 
50.12000000 0.00000000 
50.16000000 0.00000000 
50.20000000 0.00000000 
50.24000000 0.00000000 
50.28000000 0.00000000 
50.32000000 0.00000000 
50.36000000 0.00000000 
50.40000000 0.00000000 
50.44000000 0.00000000 
50.48000000 0.00000000 
50.52000000 0.00000000 
50.56000000 0.00000000 
50.60000000 0.00000000 
50.64000000 0.00000000 
50.68000000 0.00000000 
50.72000000 0.00000000 
50.76000000 0.00000000 
50.80000000 0.00000000 
50.84000000 0.00000000 
50.88000000 0.00000000 
50.92000000 0.00000000 
50.96000000 0.00000000 
51.00000000 0.00000000 
51.04000000 0.00000000 
51.08000000 0.00000000 
51.12000000 0.00000000 
51.16000000 0.00000000 
51.20000000 0.00000000 
51.24000000 0.00000000 
51.28000000 0.00000000 
51.32000000 0.00000000 
51.36000000 0.00000000 
51.40000000 0.00000000 
51.44000000 0.00000000 
51.48000000 0.00000000 
51.52000000 0.00000000 
51.56000000 0.00000000 
51.60000000 0.00000000 
51.64000000 0.00000000 
51.68000000 0.00000000 
51.72000000 0.00000000 
51.76000000 0.00000000 
51.80000000 0.00000000 
51.84000000 0.00000000 
51.88000000 0.00000000 
51.92000000 0.00000000 
51.96000000 0.00000000 
52.00000000 0.00000000 
52.04000000 0.00000000 
52.08000000 0.00000000 
52.12000000 0.00000000 
52.16000000 0.00000000 
52.20000000 0.00000000 
52.24000000 0.00000000 
52.28000000 0.00000000 
52.32000000 0.00000000 
52.36000000 0.00000000 
52.40000000 0.00000000 
52.44000000 0.00000000 
52.48000000 0.00000000 
52.52000000 0.00000000 
52.56000000 0.00000000 
52.60000000 0.00000000 
52.64000000 0.00000000 
52.68000000 0.00000000 
52.72000000 0.00000000 
52.76000000 0.00000000 
52.80000000 0.00000000 
52.84000000 0.00000000 
52.88000000 0.00000000 
52.92000000 0.00000000 
52.96000000 0.00000000 
53.00000000 0.00000000 
53.04000000 0.00000000 
53.08000000 0.00000000 
53.12000000 0.00000000 
53.16000000 0.00000000 
53.20000000 0.00000000 
53.24000000 0.00000000 
53.28000000 0.00000000 
53.32000000 0.00000000 
53.36000000 0.00000000 
53.40000000 0.00000000 
53.44000000 0.00000000 
53.48000000 0.00000000 
53.52000000 0.00000000 
53.56000000 0.00000000 
53.60000000 0.00000000 
53.64000000 0.00000000 
53.68000000 0.00000000 
53.72000000 0.00000000 
53.76000000 0.00000000 
53.80000000 0.00000000 
53.84000000 0.00000000 
53.88000000 0.00000000 
53.92000000 0.00000000 
53.96000000 0.00000000 
54.00000000 0.00000000 
54.04000000 0.00000000 
54.08000000 0.00000000 
54.12000000 0.00000000 
54.16000000 0.00000000 
54.20000000 0.00000000 
54.24000000 0.00000000 
54.28000000 0.00000000 
54.32000000 0.00000000 
54.36000000 0.00000000 
54.40000000 0.00000000 
54.44000000 0.00000000 
54.48000000 0.00000000 
54.52000000 0.00000000 
54.56000000 0.00000000 
54.60000000 0.00000000 
54.64000000 0.00000000 
54.68000000 0.00000000 
54.72000000 0.00000000 
54.76000000 0.00000000 
54.80000000 0.00000000 
54.84000000 0.00000000 
54.88000000 0.00000000 
54.92000000 0.00000000 
54.96000000 0.00000000 
55.00000000 0.00000000 
55.04000000 0.00000000 
55.08000000 0.00000000 
55.12000000 0.00000000 
55.16000000 0.00000000 
55.20000000 0.00000000 
55.24000000 0.00000000 
55.28000000 0.00000000 
55.32000000 0.00000000 
55.36000000 0.00000000 
55.40000000 0.00000000 
55.44000000 0.00000000 
55.48000000 0.00000000 
55.52000000 0.00000000 
55.56000000 0.00000000 
55.60000000 0.00000000 
55.64000000 0.00000000 
55.68000000 0.00000000 
55.72000000 0.00000000 
55.76000000 0.00000000 
55.80000000 0.00000000 
55.84000000 0.00000000 
55.88000000 0.00000000 
55.92000000 0.00000000 
55.96000000 0.00000000 
56.00000000 0.00000000 
56.04000000 0.00000000 
56.08000000 0.00000000 
56.12000000 0.00000000 
56.16000000 0.00000000 
56.20000000 0.00000000 
56.24000000 0.00000000 
56.28000000 0.00000000 
56.32000000 0.00000000 
56.36000000 0.00000000 
56.40000000 0.00000000 
56.44000000 0.00000000 
56.48000000 0.00000000 
56.52000000 0.00000000 
56.56000000 0.00000000 
56.60000000 0.00000000 
56.64000000 0.00000000 
56.68000000 0.00000000 
56.72000000 0.00000000 
56.76000000 0.00000000 
56.80000000 0.00000000 
56.84000000 0.00000000 
56.88000000 0.00000000 
56.92000000 0.00000000 
56.96000000 0.00000000 
57.00000000 0.00000000 
57.04000000 0.00000000 
57.08000000 0.00000000 
57.12000000 0.00000000 
57.16000000 0.00000000 
57.20000000 0.00000000 
57.24000000 0.00000000 
57.28000000 0.00000000 
57.32000000 0.00000000 
57.36000000 0.00000000 
57.40000000 0.00000000 
57.44000000 0.00000000 
57.48000000 0.00000000 
57.52000000 0.00000000 
57.56000000 0.00000000 
57.60000000 0.00000000 
57.64000000 0.00000000 
57.68000000 0.00000000 
57.72000000 0.00000000 
57.76000000 0.00000000 
57.80000000 0.00000000 
57.84000000 0.00000000 
57.88000000 0.00000000 
57.92000000 0.00000000 
57.96000000 0.00000000 
58.00000000 0.00000000 
58.04000000 0.00000000 
58.08000000 0.00000000 
58.12000000 0.00000000 
58.16000000 0.00000000 
58.20000000 0.00000000 
58.24000000 0.00000000 
58.28000000 0.00000000 
58.32000000 0.00000000 
58.36000000 0.00000000 
58.40000000 0.00000000 
58.44000000 0.00000000 
58.48000000 0.00000000 
58.52000000 0.00000000 
58.56000000 0.00000000 
58.60000000 0.00000000 
58.64000000 0.00000000 
58.68000000 0.00000000 
58.72000000 0.00000000 
58.76000000 0.00000000 
58.80000000 0.00000000 
58.84000000 0.00000000 
58.88000000 0.00000000 
58.92000000 0.00000000 
58.96000000 0.00000000 
59.00000000 0.00000000 
59.04000000 0.00000000 
59.08000000 0.00000000 
59.12000000 0.00000000 
59.16000000 0.00000000 
59.20000000 0.00000000 
59.24000000 0.00000000 
59.28000000 0.00000000 
59.32000000 0.00000000 
59.36000000 0.00000000 
59.40000000 0.00000000 
59.44000000 0.00000000 
59.48000000 0.00000000 
59.52000000 0.00000000 
59.56000000 0.00000000 
59.60000000 0.00000000 
59.64000000 0.00000000 
59.68000000 0.00000000 
59.72000000 0.00000000 
59.76000000 0.00000000 
59.80000000 0.00000000 
59.84000000 0.00000000 
59.88000000 0.00000000 
59.92000000 0.00000000 
59.96000000 0.00000000 
60.00000000 0.00000000 
60.04000000 0.00000000 
60.08000000 0.00000000 
60.12000000 0.00000000 
60.16000000 0.00000000 
60.20000000 0.00000000 
60.24000000 0.00000000 
60.28000000 0.00000000 
60.32000000 0.00000000 
60.36000000 0.00000000 
60.40000000 0.00000000 
60.44000000 0.00000000 
60.48000000 0.00000000 
60.52000000 0.00000000 
60.56000000 0.00000000 
60.60000000 0.00000000 
60.64000000 0.00000000 
60.68000000 0.00000000 
60.72000000 0.00000000 
60.76000000 0.00000000 
60.80000000 0.00000000 
60.84000000 0.00000000 
60.88000000 0.00000000 
60.92000000 0.00000000 
60.96000000 0.00000000 
61.00000000 0.00000000 
61.04000000 0.00000000 
61.08000000 0.00000000 
61.12000000 0.00000000 
61.16000000 0.00000000 
61.20000000 0.00000000 
61.24000000 0.00000000 
61.28000000 0.00000000 
61.32000000 0.00000000 
61.36000000 0.00000000 
61.40000000 0.00000000 
61.44000000 0.00000000 
61.48000000 0.00000000 
61.52000000 0.00000000 
61.56000000 0.00000000 
61.60000000 0.00000000 
61.64000000 0.00000000 
61.68000000 0.00000000 
61.72000000 0.00000000 
61.76000000 0.00000000 
61.80000000 0.00000000 
61.84000000 0.00000000 
61.88000000 0.00000000 
61.92000000 0.00000000 
61.96000000 0.00000000 
62.00000000 0.00000000 
62.04000000 0.00000000 
62.08000000 0.00000000 
62.12000000 0.00000000 
62.16000000 0.00000000 
62.20000000 0.00000000 
62.24000000 0.00000000 
62.28000000 0.00000000 
62.32000000 0.00000000 
62.36000000 0.00000000 
62.40000000 0.00000000 
62.44000000 0.00000000 
62.48000000 0.00000000 
62.52000000 0.00000000 
62.56000000 0.00000000 
62.60000000 0.00000000 
62.64000000 0.00000000 
62.68000000 0.00000000 
62.72000000 0.00000000 
62.76000000 0.00000000 
62.80000000 0.00000000 
62.84000000 0.00000000 
62.88000000 0.00000000 
62.92000000 0.00000000 
62.96000000 0.00000000 
63.00000000 0.00000000 
63.04000000 0.00000000 
63.08000000 0.00000000 
63.12000000 0.00000000 
63.16000000 0.00000000 
63.20000000 0.00000000 
63.24000000 0.00000000 
63.28000000 0.00000000 
63.32000000 0.00000000 
63.36000000 0.00000000 
63.40000000 0.00000000 
63.44000000 0.00000000 
63.48000000 0.00000000 
63.52000000 0.00000000 
63.56000000 0.00000000 
63.60000000 0.00000000 
63.64000000 0.00000000 
63.68000000 0.00000000 
63.72000000 0.00000000 
63.76000000 0.00000000 
63.80000000 0.00000000 
63.84000000 0.00000000 
63.88000000 0.00000000 
63.92000000 0.00000000 
63.96000000 0.00000000 
64.00000000 0.00000000 
64.04000000 0.00000000 
64.08000000 0.00000000 
64.12000000 0.00000000 
64.16000000 0.00000000 
64.20000000 0.00000000 
64.24000000 0.00000000 
64.28000000 0.00000000 
64.32000000 0.00000000 
64.36000000 0.00000000 
64.40000000 0.00000000 
64.44000000 0.00000000 
64.48000000 0.00000000 
64.52000000 0.00000000 
64.56000000 0.00000000 
64.60000000 0.00000000 
64.64000000 0.00000000 
64.68000000 0.00000000 
64.72000000 0.00000000 
64.76000000 0.00000000 
64.80000000 0.00000000 
64.84000000 0.00000000 
64.88000000 0.00000000 
64.92000000 0.00000000 
64.96000000 0.00000000 
65.00000000 0.00000000 
65.04000000 0.00000000 
65.08000000 0.00000000 
65.12000000 0.00000000 
65.16000000 0.00000000 
65.20000000 0.00000000 
65.24000000 0.00000000 
65.28000000 0.00000000 
65.32000000 0.00000000 
65.36000000 0.00000000 
65.40000000 0.00000000 
65.44000000 0.00000000 
65.48000000 0.00000000 
65.52000000 0.00000000 
65.56000000 0.00000000 
65.60000000 0.00000000 
65.64000000 0.00000000 
65.68000000 0.00000000 
65.72000000 0.00000000 
65.76000000 0.00000000 
65.80000000 0.00000000 
65.84000000 0.00000000 
65.88000000 0.00000000 
65.92000000 0.00000000 
65.96000000 0.00000000 
66.00000000 0.00000000 
66.04000000 0.00000000 
66.08000000 0.00000000 
66.12000000 0.00000000 
66.16000000 0.00000000 
66.20000000 0.00000000 
66.24000000 0.00000000 
66.28000000 0.00000000 
66.32000000 0.00000000 
66.36000000 0.00000000 
66.40000000 0.00000000 
66.44000000 0.00000000 
66.48000000 0.00000000 
66.52000000 0.00000000 
66.56000000 0.00000000 
66.60000000 0.00000000 
66.64000000 0.00000000 
66.68000000 0.00000000 
66.72000000 0.00000000 
66.76000000 0.00000000 
66.80000000 0.00000000 
66.84000000 0.00000000 
66.88000000 0.00000000 
66.92000000 0.00000000 
66.96000000 0.00000000 
67.00000000 0.00000000 
67.04000000 0.00000000 
67.08000000 0.00000000 
67.12000000 0.00000000 
67.16000000 0.00000000 
67.20000000 0.00000000 
67.24000000 0.00000000 
67.28000000 0.00000000 
67.32000000 0.00000000 
67.36000000 0.00000000 
67.40000000 0.00000000 
67.44000000 0.00000000 
67.48000000 0.00000000 
67.52000000 0.00000000 
67.56000000 0.00000000 
67.60000000 0.00000000 
67.64000000 0.00000000 
67.68000000 0.00000000 
67.72000000 0.00000000 
67.76000000 0.00000000 
67.80000000 0.00000000 
67.84000000 0.00000000 
67.88000000 0.00000000 
67.92000000 0.00000000 
67.96000000 0.00000000 
68.00000000 0.00000000 
68.04000000 0.00000000 
68.08000000 0.00000000 
68.12000000 0.00000000 
68.16000000 0.00000000 
68.20000000 0.00000000 
68.24000000 0.00000000 
68.28000000 0.00000000 
68.32000000 0.00000000 
68.36000000 0.00000000 
68.40000000 0.00000000 
68.44000000 0.00000000 
68.48000000 0.00000000 
68.52000000 0.00000000 
68.56000000 0.00000000 
68.60000000 0.00000000 
68.64000000 0.00000000 
68.68000000 0.00000000 
68.72000000 0.00000000 
68.76000000 0.00000000 
68.80000000 0.00000000 
68.84000000 0.00000000 
68.88000000 0.00000000 
68.92000000 0.00000000 
68.96000000 0.00000000 
69.00000000 0.00000000 
69.04000000 0.00000000 
69.08000000 0.00000000 
69.12000000 0.00000000 
69.16000000 0.00000000 
69.20000000 0.00000000 
69.24000000 0.00000000 
69.28000000 0.00000000 
69.32000000 0.00000000 
69.36000000 0.00000000 
69.40000000 0.00000000 
69.44000000 0.00000000 
69.48000000 0.00000000 
69.52000000 0.00000000 
69.56000000 0.00000000 
69.60000000 0.00000000 
69.64000000 0.00000000 
69.68000000 0.00000000 
69.72000000 0.00000000 
69.76000000 0.00000000 
69.80000000 0.00000000 
69.84000000 0.00000000 
69.88000000 0.00000000 
69.92000000 0.00000000 
69.96000000 0.00000000 
70.00000000 0.00000000 
70.04000000 0.00000000 
70.08000000 0.00000000 
70.12000000 0.00000000 
70.16000000 0.00000000 
70.20000000 0.00000000 
70.24000000 0.00000000 
70.28000000 0.00000000 
70.32000000 0.00000000 
70.36000000 0.00000000 
70.40000000 0.00000000 
70.44000000 0.00000000 
70.48000000 0.00000000 
70.52000000 0.00000000 
70.56000000 0.00000000 
70.60000000 0.00000000 
70.64000000 0.00000000 
70.68000000 0.00000000 
70.72000000 0.00000000 
70.76000000 0.00000000 
70.80000000 0.00000000 
70.84000000 0.00000000 
70.88000000 0.00000000 
70.92000000 0.00000000 
70.96000000 0.00000000 
71.00000000 0.00000000 
71.04000000 0.00000000 
71.08000000 0.00000000 
71.12000000 0.00000000 
71.16000000 0.00000000 
71.20000000 0.00000000 
71.24000000 0.00000000 
71.28000000 0.00000000 
71.32000000 0.00000000 
71.36000000 0.00000000 
71.40000000 0.00000000 
71.44000000 0.00000000 
71.48000000 0.00000000 
71.52000000 0.00000000 
71.56000000 0.00000000 
71.60000000 0.00000000 
71.64000000 0.00000000 
71.68000000 0.00000000 
71.72000000 0.00000000 
71.76000000 0.00000000 
71.80000000 0.00000000 
71.84000000 0.00000000 
71.88000000 0.00000000 
71.92000000 0.00000000 
71.96000000 0.00000000 
72.00000000 0.00000000 
72.04000000 0.00000000 
72.08000000 0.00000000 
72.12000000 0.00000000 
72.16000000 0.00000000 
72.20000000 0.00000000 
72.24000000 0.00000000 
72.28000000 0.00000000 
72.32000000 0.00000000 
72.36000000 0.00000000 
72.40000000 0.00000000 
72.44000000 0.00000000 
72.48000000 0.00000000 
72.52000000 0.00000000 
72.56000000 0.00000000 
72.60000000 0.00000000 
72.64000000 0.00000000 
72.68000000 0.00000000 
72.72000000 0.00000000 
72.76000000 0.00000000 
72.80000000 0.00000000 
72.84000000 0.00000000 
72.88000000 0.00000000 
72.92000000 0.00000000 
72.96000000 0.00000000 
73.00000000 0.00000000 
73.04000000 0.00000000 
73.08000000 0.00000000 
73.12000000 0.00000000 
73.16000000 0.00000000 
73.20000000 0.00000000 
73.24000000 0.00000000 
73.28000000 0.00000000 
73.32000000 0.00000000 
73.36000000 0.00000000 
73.40000000 0.00000000 
73.44000000 0.00000000 
73.48000000 0.00000000 
73.52000000 0.00000000 
73.56000000 0.00000000 
73.60000000 0.00000000 
73.64000000 0.00000000 
73.68000000 0.00000000 
73.72000000 0.00000000 
73.76000000 0.00000000 
73.80000000 0.00000000 
73.84000000 0.00000000 
73.88000000 0.00000000 
73.92000000 0.00000000 
73.96000000 0.00000000 
74.00000000 0.00000000 
74.04000000 0.00000000 
74.08000000 0.00000000 
74.12000000 0.00000000 
74.16000000 0.00000000 
74.20000000 0.00000000 
74.24000000 0.00000000 
74.28000000 0.00000000 
74.32000000 0.00000000 
74.36000000 0.00000000 
74.40000000 0.00000000 
74.44000000 0.00000000 
74.48000000 0.00000000 
74.52000000 0.00000000 
74.56000000 0.00000000 
74.60000000 0.00000000 
74.64000000 0.00000000 
74.68000000 0.00000000 
74.72000000 0.00000000 
74.76000000 0.00000000 
74.80000000 0.00000000 
74.84000000 0.00000000 
74.88000000 0.00000000 
74.92000000 0.00000000 
74.96000000 0.00000000 
75.00000000 0.00000000 
75.04000000 0.00000000 
75.08000000 0.00000000 
75.12000000 0.00000000 
75.16000000 0.00000000 
75.20000000 0.00000000 
75.24000000 0.00000000 
75.28000000 0.00000000 
75.32000000 0.00000000 
75.36000000 0.00000000 
75.40000000 0.00000000 
75.44000000 0.00000000 
75.48000000 0.00000000 
75.52000000 0.00000000 
75.56000000 0.00000000 
75.60000000 0.00000000 
75.64000000 0.00000000 
75.68000000 0.00000000 
75.72000000 0.00000000 
75.76000000 0.00000000 
75.80000000 0.00000000 
75.84000000 0.00000000 
75.88000000 0.00000000 
75.92000000 0.00000000 
75.96000000 0.00000000 
76.00000000 0.00000000 
76.04000000 0.00000000 
76.08000000 0.00000000 
76.12000000 0.00000000 
76.16000000 0.00000000 
76.20000000 0.00000000 
76.24000000 0.00000000 
76.28000000 0.00000000 
76.32000000 0.00000000 
76.36000000 0.00000000 
76.40000000 0.00000000 
76.44000000 0.00000000 
76.48000000 0.00000000 
76.52000000 0.00000000 
76.56000000 0.00000000 
76.60000000 0.00000000 
76.64000000 0.00000000 
76.68000000 0.00000000 
76.72000000 0.00000000 
76.76000000 0.00000000 
76.80000000 0.00000000 
76.84000000 0.00000000 
76.88000000 0.00000000 
76.92000000 0.00000000 
76.96000000 0.00000000 
77.00000000 0.00000000 
77.04000000 0.00000000 
77.08000000 0.00000000 
77.12000000 0.00000000 
77.16000000 0.00000000 
77.20000000 0.00000000 
77.24000000 0.00000000 
77.28000000 0.00000000 
77.32000000 0.00000000 
77.36000000 0.00000000 
77.40000000 0.00000000 
77.44000000 0.00000000 
77.48000000 0.00000000 
77.52000000 0.00000000 
77.56000000 0.00000000 
77.60000000 0.00000000 
77.64000000 0.00000000 
77.68000000 0.00000000 
77.72000000 0.00000000 
77.76000000 0.00000000 
77.80000000 0.00000000 
77.84000000 0.00000000 
77.88000000 0.00000000 
77.92000000 0.00000000 
77.96000000 0.00000000 
78.00000000 0.00000000 
78.04000000 0.00000000 
78.08000000 0.00000000 
78.12000000 0.00000000 
78.16000000 0.00000000 
78.20000000 0.00000000 
78.24000000 0.00000000 
78.28000000 0.00000000 
78.32000000 0.00000000 
78.36000000 0.00000000 
78.40000000 0.00000000 
78.44000000 0.00000000 
78.48000000 0.00000000 
78.52000000 0.00000000 
78.56000000 0.00000000 
78.60000000 0.00000000 
78.64000000 0.00000000 
78.68000000 0.00000000 
78.72000000 0.00000000 
78.76000000 0.00000000 
78.80000000 0.00000000 
78.84000000 0.00000000 
78.88000000 0.00000000 
78.92000000 0.00000000 
78.96000000 0.00000000 
79.00000000 0.00000000 
79.04000000 0.00000000 
79.08000000 0.00000000 
79.12000000 0.00000000 
79.16000000 0.00000000 
79.20000000 0.00000000 
79.24000000 0.00000000 
79.28000000 0.00000000 
79.32000000 0.00000000 
79.36000000 0.00000000 
79.40000000 0.00000000 
79.44000000 0.00000000 
79.48000000 0.00000000 
79.52000000 0.00000000 
79.56000000 0.00000000 
79.60000000 0.00000000 
79.64000000 0.00000000 
79.68000000 0.00000000 
79.72000000 0.00000000 
79.76000000 0.00000000 
79.80000000 0.00000000 
79.84000000 0.00000000 
79.88000000 0.00000000 
79.92000000 0.00000000 
79.96000000 0.00000000 
80.00000000 0.00000000 
80.04000000 0.00000000 
80.08000000 0.00000000 
80.12000000 0.00000000 
80.16000000 0.00000000 
80.20000000 0.00000000 
80.24000000 0.00000000 
80.28000000 0.00000000 
80.32000000 0.00000000 
80.36000000 0.00000000 
80.40000000 0.00000000 
80.44000000 0.00000000 
80.48000000 0.00000000 
80.52000000 0.00000000 
80.56000000 0.00000000 
80.60000000 0.00000000 
80.64000000 0.00000000 
80.68000000 0.00000000 
80.72000000 0.00000000 
80.76000000 0.00000000 
80.80000000 0.00000000 
80.84000000 0.00000000 
80.88000000 0.00000000 
80.92000000 0.00000000 
80.96000000 0.00000000 
81.00000000 0.00000000 
81.04000000 0.00000000 
81.08000000 0.00000000 
81.12000000 0.00000000 
81.16000000 0.00000000 
81.20000000 0.00000000 
81.24000000 0.00000000 
81.28000000 0.00000000 
81.32000000 0.00000000 
81.36000000 0.00000000 
81.40000000 0.00000000 
81.44000000 0.00000000 
81.48000000 0.00000000 
81.52000000 0.00000000 
81.56000000 0.00000000 
81.60000000 0.00000000 
81.64000000 0.00000000 
81.68000000 0.00000000 
81.72000000 0.00000000 
81.76000000 0.00000000 
81.80000000 0.00000000 
81.84000000 0.00000000 
81.88000000 0.00000000 
81.92000000 0.00000000 
81.96000000 0.00000000 
82.00000000 0.00000000 
82.04000000 0.00000000 
82.08000000 0.00000000 
82.12000000 0.00000000 
82.16000000 0.00000000 
82.20000000 0.00000000 
82.24000000 0.00000000 
82.28000000 0.00000000 
82.32000000 0.00000000 
82.36000000 0.00000000 
82.40000000 0.00000000 
82.44000000 0.00000000 
82.48000000 0.00000000 
82.52000000 0.00000000 
82.56000000 0.00000000 
82.60000000 0.00000000 
82.64000000 0.00000000 
82.68000000 0.00000000 
82.72000000 0.00000000 
82.76000000 0.00000000 
82.80000000 0.00000000 
82.84000000 0.00000000 
82.88000000 0.00000000 
82.92000000 0.00000000 
82.96000000 0.00000000 
83.00000000 0.00000000 
83.04000000 0.00000000 
83.08000000 0.00000000 
83.12000000 0.00000000 
83.16000000 0.00000000 
83.20000000 0.00000000 
83.24000000 0.00000000 
83.28000000 0.00000000 
83.32000000 0.00000000 
83.36000000 0.00000000 
83.40000000 0.00000000 
83.44000000 0.00000000 
83.48000000 0.00000000 
83.52000000 0.00000000 
83.56000000 0.00000000 
83.60000000 0.00000000 
83.64000000 0.00000000 
83.68000000 0.00000000 
83.72000000 0.00000000 
83.76000000 0.00000000 
83.80000000 0.00000000 
83.84000000 0.00000000 
83.88000000 0.00000000 
83.92000000 0.00000000 
83.96000000 0.00000000 
84.00000000 0.00000000 
84.04000000 0.00000000 
84.08000000 0.00000000 
84.12000000 0.00000000 
84.16000000 0.00000000 
84.20000000 0.00000000 
84.24000000 0.00000000 
84.28000000 0.00000000 
84.32000000 0.00000000 
84.36000000 0.00000000 
84.40000000 0.00000000 
84.44000000 0.00000000 
84.48000000 0.00000000 
84.52000000 0.00000000 
84.56000000 0.00000000 
84.60000000 0.00000000 
84.64000000 0.00000000 
84.68000000 0.00000000 
84.72000000 0.00000000 
84.76000000 0.00000000 
84.80000000 0.00000000 
84.84000000 0.00000000 
84.88000000 0.00000000 
84.92000000 0.00000000 
84.96000000 0.00000000 
85.00000000 0.00000000 
85.04000000 0.00000000 
85.08000000 0.00000000 
85.12000000 0.00000000 
85.16000000 0.00000000 
85.20000000 0.00000000 
85.24000000 0.00000000 
85.28000000 0.00000000 
85.32000000 0.00000000 
85.36000000 0.00000000 
85.40000000 0.00000000 
85.44000000 0.00000000 
85.48000000 0.00000000 
85.52000000 0.00000000 
85.56000000 0.00000000 
85.60000000 0.00000000 
85.64000000 0.00000000 
85.68000000 0.00000000 
85.72000000 0.00000000 
85.76000000 0.00000000 
85.80000000 0.00000000 
85.84000000 0.00000000 
85.88000000 0.00000000 
85.92000000 0.00000000 
85.96000000 0.00000000 
86.00000000 0.00000000 
86.04000000 0.00000000 
86.08000000 0.00000000 
86.12000000 0.00000000 
86.16000000 0.00000000 
86.20000000 0.00000000 
86.24000000 0.00000000 
86.28000000 0.00000000 
86.32000000 0.00000000 
86.36000000 0.00000000 
86.40000000 0.00000000 
86.44000000 0.00000000 
86.48000000 0.00000000 
86.52000000 0.00000000 
86.56000000 0.00000000 
86.60000000 0.00000000 
86.64000000 0.00000000 
86.68000000 0.00000000 
86.72000000 0.00000000 
86.76000000 0.00000000 
86.80000000 0.00000000 
86.84000000 0.00000000 
86.88000000 0.00000000 
86.92000000 0.00000000 
86.96000000 0.00000000 
87.00000000 0.00000000 
87.04000000 0.00000000 
87.08000000 0.00000000 
87.12000000 0.00000000 
87.16000000 0.00000000 
87.20000000 0.00000000 
87.24000000 0.00000000 
87.28000000 0.00000000 
87.32000000 0.00000000 
87.36000000 0.00000000 
87.40000000 0.00000000 
87.44000000 0.00000000 
87.48000000 0.00000000 
87.52000000 0.00000000 
87.56000000 0.00000000 
87.60000000 0.00000000 
87.64000000 0.00000000 
87.68000000 0.00000000 
87.72000000 0.00000000 
87.76000000 0.00000000 
87.80000000 0.00000000 
87.84000000 0.00000000 
87.88000000 0.00000000 
87.92000000 0.00000000 
87.96000000 0.00000000 
88.00000000 0.00000000 
88.04000000 0.00000000 
88.08000000 0.00000000 
88.12000000 0.00000000 
88.16000000 0.00000000 
88.20000000 0.00000000 
88.24000000 0.00000000 
88.28000000 0.00000000 
88.32000000 0.00000000 
88.36000000 0.00000000 
88.40000000 0.00000000 
88.44000000 0.00000000 
88.48000000 0.00000000 
88.52000000 0.00000000 
88.56000000 0.00000000 
88.60000000 0.00000000 
88.64000000 0.00000000 
88.68000000 0.00000000 
88.72000000 0.00000000 
88.76000000 0.00000000 
88.80000000 0.00000000 
88.84000000 0.00000000 
88.88000000 0.00000000 
88.92000000 0.00000000 
88.96000000 0.00000000 
89.00000000 0.00000000 
89.04000000 0.00000000 
89.08000000 0.00000000 
89.12000000 0.00000000 
89.16000000 0.00000000 
89.20000000 0.00000000 
89.24000000 0.00000000 
89.28000000 0.00000000 
89.32000000 0.00000000 
89.36000000 0.00000000 
89.40000000 0.00000000 
89.44000000 0.00000000 
89.48000000 0.00000000 
89.52000000 0.00000000 
89.56000000 0.00000000 
89.60000000 0.00000000 
89.64000000 0.00000000 
89.68000000 0.00000000 
89.72000000 0.00000000 
89.76000000 0.00000000 
89.80000000 0.00000000 
89.84000000 0.00000000 
89.88000000 0.00000000 
89.92000000 0.00000000 
89.96000000 0.00000000 
90.00000000 0.00000000 
90.04000000 0.00000000 
90.08000000 0.00000000 
90.12000000 0.00000000 
90.16000000 0.00000000 
90.20000000 0.00000000 
90.24000000 0.00000000 
90.28000000 0.00000000 
90.32000000 0.00000000 
90.36000000 0.00000000 
90.40000000 0.00000000 
90.44000000 0.00000000 
90.48000000 0.00000000 
90.52000000 0.00000000 
90.56000000 0.00000000 
90.60000000 0.00000000 
90.64000000 0.00000000 
90.68000000 0.00000000 
90.72000000 0.00000000 
90.76000000 0.00000000 
90.80000000 0.00000000 
90.84000000 0.00000000 
90.88000000 0.00000000 
90.92000000 0.00000000 
90.96000000 0.00000000 
91.00000000 0.00000000 
91.04000000 0.00000000 
91.08000000 0.00000000 
91.12000000 0.00000000 
91.16000000 0.00000000 
91.20000000 0.00000000 
91.24000000 0.00000000 
91.28000000 0.00000000 
91.32000000 0.00000000 
91.36000000 0.00000000 
91.40000000 0.00000000 
91.44000000 0.00000000 
91.48000000 0.00000000 
91.52000000 0.00000000 
91.56000000 0.00000000 
91.60000000 0.00000000 
91.64000000 0.00000000 
91.68000000 0.00000000 
91.72000000 0.00000000 
91.76000000 0.00000000 
91.80000000 0.00000000 
91.84000000 0.00000000 
91.88000000 0.00000000 
91.92000000 0.00000000 
91.96000000 0.00000000 
92.00000000 0.00000000 
92.04000000 0.00000000 
92.08000000 0.00000000 
92.12000000 0.00000000 
92.16000000 0.00000000 
92.20000000 0.00000000 
92.24000000 0.00000000 
92.28000000 0.00000000 
92.32000000 0.00000000 
92.36000000 0.00000000 
92.40000000 0.00000000 
92.44000000 0.00000000 
92.48000000 0.00000000 
92.52000000 0.00000000 
92.56000000 0.00000000 
92.60000000 0.00000000 
92.64000000 0.00000000 
92.68000000 0.00000000 
92.72000000 0.00000000 
92.76000000 0.00000000 
92.80000000 0.00000000 
92.84000000 0.00000000 
92.88000000 0.00000000 
92.92000000 0.00000000 
92.96000000 0.00000000 
93.00000000 0.00000000 
93.04000000 0.00000000 
93.08000000 0.00000000 
93.12000000 0.00000000 
93.16000000 0.00000000 
93.20000000 0.00000000 
93.24000000 0.00000000 
93.28000000 0.00000000 
93.32000000 0.00000000 
93.36000000 0.00000000 
93.40000000 0.00000000 
93.44000000 0.00000000 
93.48000000 0.00000000 
93.52000000 0.00000000 
93.56000000 0.00000000 
93.60000000 0.00000000 
93.64000000 0.00000000 
93.68000000 0.00000000 
93.72000000 0.00000000 
93.76000000 0.00000000 
93.80000000 0.00000000 
93.84000000 0.00000000 
93.88000000 0.00000000 
93.92000000 0.00000000 
93.96000000 0.00000000 
94.00000000 0.00000000 
94.04000000 0.00000000 
94.08000000 0.00000000 
94.12000000 0.00000000 
94.16000000 0.00000000 
94.20000000 0.00000000 
94.24000000 0.00000000 
94.28000000 0.00000000 
94.32000000 0.00000000 
94.36000000 0.00000000 
94.40000000 0.00000000 
94.44000000 0.00000000 
94.48000000 0.00000000 
94.52000000 0.00000000 
94.56000000 0.00000000 
94.60000000 0.00000000 
94.64000000 0.00000000 
94.68000000 0.00000000 
94.72000000 0.00000000 
94.76000000 0.00000000 
94.80000000 0.00000000 
94.84000000 0.00000000 
94.88000000 0.00000000 
94.92000000 0.00000000 
94.96000000 0.00000000 
95.00000000 0.00000000 
95.04000000 0.00000000 
95.08000000 0.00000000 
95.12000000 0.00000000 
95.16000000 0.00000000 
95.20000000 0.00000000 
95.24000000 0.00000000 
95.28000000 0.00000000 
95.32000000 0.00000000 
95.36000000 0.00000000 
95.40000000 0.00000000 
95.44000000 0.00000000 
95.48000000 0.00000000 
95.52000000 0.00000000 
95.56000000 0.00000000 
95.60000000 0.00000000 
95.64000000 0.00000000 
95.68000000 0.00000000 
95.72000000 0.00000000 
95.76000000 0.00000000 
95.80000000 0.00000000 
95.84000000 0.00000000 
95.88000000 0.00000000 
95.92000000 0.00000000 
95.96000000 0.00000000 
96.00000000 0.00000000 
96.04000000 0.00000000 
96.08000000 0.00000000 
96.12000000 0.00000000 
96.16000000 0.00000000 
96.20000000 0.00000000 
96.24000000 0.00000000 
96.28000000 0.00000000 
96.32000000 0.00000000 
96.36000000 0.00000000 
96.40000000 0.00000000 
96.44000000 0.00000000 
96.48000000 0.00000000 
96.52000000 0.00000000 
96.56000000 0.00000000 
96.60000000 0.00000000 
96.64000000 0.00000000 
96.68000000 0.00000000 
96.72000000 0.00000000 
96.76000000 0.00000000 
96.80000000 0.00000000 
96.84000000 0.00000000 
96.88000000 0.00000000 
96.92000000 0.00000000 
96.96000000 0.00000000 
97.00000000 0.00000000 
97.04000000 0.00000000 
97.08000000 0.00000000 
97.12000000 0.00000000 
97.16000000 0.00000000 
97.20000000 0.00000000 
97.24000000 0.00000000 
97.28000000 0.00000000 
97.32000000 0.00000000 
97.36000000 0.00000000 
97.40000000 0.00000000 
97.44000000 0.00000000 
97.48000000 0.00000000 
97.52000000 0.00000000 
97.56000000 0.00000000 
97.60000000 0.00000000 
97.64000000 0.00000000 
97.68000000 0.00000000 
97.72000000 0.00000000 
97.76000000 0.00000000 
97.80000000 0.00000000 
97.84000000 0.00000000 
97.88000000 0.00000000 
97.92000000 0.00000000 
97.96000000 0.00000000 
98.00000000 0.00000000 
98.04000000 0.00000000 
98.08000000 0.00000000 
98.12000000 0.00000000 
98.16000000 0.00000000 
98.20000000 0.00000000 
98.24000000 0.00000000 
98.28000000 0.00000000 
98.32000000 0.00000000 
98.36000000 0.00000000 
98.40000000 0.00000000 
98.44000000 0.00000000 
98.48000000 0.00000000 
98.52000000 0.00000000 
98.56000000 0.00000000 
98.60000000 0.00000000 
98.64000000 0.00000000 
98.68000000 0.00000000 
98.72000000 0.00000000 
98.76000000 0.00000000 
98.80000000 0.00000000 
98.84000000 0.00000000 
98.88000000 0.00000000 
98.92000000 0.00000000 
98.96000000 0.00000000 
99.00000000 0.00000000 
99.04000000 0.00000000 
99.08000000 0.00000000 
99.12000000 0.00000000 
99.16000000 0.00000000 
99.20000000 0.00000000 
99.24000000 0.00000000 
99.28000000 0.00000000 
99.32000000 0.00000000 
99.36000000 0.00000000 
99.40000000 0.00000000 
99.44000000 0.00000000 
99.48000000 0.00000000 
99.52000000 0.00000000 
99.56000000 0.00000000 
99.60000000 0.00000000 
99.64000000 0.00000000 
99.68000000 0.00000000 
99.72000000 0.00000000 
99.76000000 0.00000000 
99.80000000 0.00000000 
99.84000000 0.00000000 
99.88000000 0.00000000 
99.92000000 0.00000000 
99.96000000 0.00000000 
100.00000000 0.00000000 
