0.00000000 1.00000000 
0.19000000 0.23461176 
0.38000000 -0.46893925 
0.57000000 -1.04984480 
0.76000000 -1.46487681 
0.95000000 -1.69077990 
1.14000000 -1.72453335 
1.33000000 -1.58166516 
1.52000000 -1.29296844 
1.71000000 -0.90008764 
1.90000000 -0.45050440 
2.09000000 0.00754240 
2.28000000 0.42971310 
2.47000000 0.77939942 
2.66000000 1.03044838 
2.85000000 1.16862746 
3.04000000 1.19181448 
3.23000000 1.10901839 
3.42000000 0.93843817 
3.61000000 0.70483789 
3.80000000 0.43655405 
3.99000000 0.16245524 
4.18000000 -0.09085218 
4.37000000 -0.30133117 
4.56000000 -0.45316200 
4.75000000 -0.53763893 
4.94000000 -0.55330366 
5.13000000 -0.50537724 
5.32000000 -0.40461280 
5.51000000 -0.26573468 
5.70000000 -0.10565238 
5.89000000 0.05835887 
6.08000000 0.21033493 
6.27000000 0.33701151 
6.46000000 0.42882103 
6.65000000 0.48044112 
6.84000000 0.49088634 
7.03000000 0.46317896 
7.22000000 0.40367104 
7.41000000 0.32111640 
7.60000000 0.22560477 
7.79000000 0.12747308 
7.98000000 0.03629928 
8.17000000 -0.03993350 
8.36000000 -0.09543990 
8.55000000 -0.12696764 
8.74000000 -0.13385950 
8.93000000 -0.11786275 
9.12000000 -0.08272872 
9.31000000 -0.03366103 
9.50000000 0.02332036 
9.69000000 0.08203062 
9.88000000 0.13672373 
